frame,player_id,landmark_index,x_norm,y_norm,visibility
1,1,0,0.18138067712275632,-1.3507071700630788,0.9979580640792848
1,1,1,0.14278904369238263,-1.4124537835516768,0.9978040456771852
1,1,2,0.14278904369238263,-1.4124537835516768,0.997631847858429
1,1,3,0.13507071700630788,-1.4124537835516768,0.9978964924812316
1,1,4,0.11963406363415842,-1.4201721102377516,0.9978419542312622
1,1,5,0.10419741026200895,-1.4201721102377516,0.9975920915603638
1,1,6,0.08104243020378474,-1.4201721102377516,0.9978123903274536
1,1,7,0.06560577683163527,-1.3815804768073778,0.9965810775756836
1,1,8,-0.01929581671518684,-1.3970171301795273,0.9976092576980592
1,1,9,0.1582256970645321,-1.2735239032023316,0.9968907237052916
1,1,10,0.12735239032023316,-1.2812422298884063,0.9976109862327576
1,1,11,0.07332410351771,-0.9879458158175662,0.9974536895751952
1,1,12,-0.13507071700630788,-1.0111007958757905,0.9980128407478333
1,1,13,0.08104243020378474,-0.4939729079087831,0.5490335822105408
1,1,14,-0.6136069715429415,-0.58659282814168,0.5616404414176941
1,1,15,0.17366235043668157,-0.26242310732654106,0.647450864315033
1,1,16,-0.27400059735565313,-0.30101474075691476,0.5929906368255615
1,1,17,0.21997231055313,-0.11577490029112104,0.6490100026130676
1,1,18,-0.3125922307860268,-0.1698031870936442,0.5918378829956055
1,1,19,0.23540896392527946,-0.15436653372149473,0.6487265229225159
1,1,20,-0.4129304777049984,-0.22383147389616737,0.592263400554657
1,1,21,0.21225398386705527,-0.17752151377971895,0.6366733908653259
1,1,22,-0.42064880439107316,-0.26242310732654106,0.5853138566017151
1,1,23,0.08104243020378474,-0.007718326686074736,0.9919188022613524
1,1,24,-0.08104243020378474,0.007718326686074736,0.9900537133216858
1,1,25,0.027014143401261577,0.7409593618631747,0.6704119443893433
1,1,26,-0.06560577683163527,0.7409593618631747,0.6677179336547852
1,1,27,-0.1968173304949058,1.4433270902959758,0.6920884847640991
1,1,28,-0.12735239032023316,1.5127920304706484,0.7053601741790771
1,1,29,-0.1968173304949058,1.5436653372149474,0.7064676284790039
1,1,30,-0.22769063723920474,1.6285669307617694,0.7005389928817749
1,1,31,0.12735239032023316,1.5899752973313956,0.7416385412216187
1,1,32,0.08876075688985947,1.6517219108199936,0.7311304807662964
1,2,0,-0.3261340544745939,-1.3516444702113728,0.9981022477149964
1,2,1,-0.2754020904452127,-1.4096238576735227,0.9979588389396667
1,2,2,-0.26090724357967515,-1.4096238576735227,0.9978066682815552
1,2,3,-0.24641239671413764,-1.4096238576735227,0.9980595111846924
1,2,4,-0.28264951387798143,-1.4168712811062916,0.9979732632637024
1,2,5,-0.28264951387798143,-1.4168712811062916,0.997732639312744
1,2,6,-0.2754020904452127,-1.4168712811062916,0.9979273080825806
1,2,7,-0.1594433155209126,-1.373386740509679,0.996889591217041
1,2,8,-0.20292785611752512,-1.3878815873752164,0.9977309703826904
1,2,9,-0.28989693731075017,-1.2791702358836852,0.9971702694892884
1,2,10,-0.31163920760905645,-1.2791702358836852,0.9977388978004456
1,2,11,-0.007247423432768754,-0.9965207220057037,0.9977075457572936
1,2,12,-0.1594433155209126,-0.9965207220057037,0.99809068441391
1,2,13,0.18118558581921887,-0.518190775442966,0.5940450429916382
1,2,14,-0.2391649732813689,-0.5616753160395784,0.508532702922821
1,2,15,-0.2754020904452127,-0.4602113879808159,0.6825568079948425
1,2,16,-0.3188866310418252,-0.3515000364892846,0.5418910384178162
1,2,17,-0.39136086536951276,-0.37324230678759085,0.6836989521980286
1,2,18,-0.41310313566781903,-0.30076807245990334,0.544350266456604
1,2,19,-0.4203505591005878,-0.4167268473842034,0.6833882927894592
1,2,20,-0.44209282939889405,-0.32975776619097835,0.545016884803772
1,2,21,-0.3768660185039752,-0.4457165411152784,0.6721483469009399
1,2,22,-0.41310313566781903,-0.3515000364892846,0.5393853783607483
1,2,23,0.021742270298306263,0.010871135149153131,0.9925298094749452
1,2,24,-0.021742270298306263,-0.010871135149153131,0.990370273590088
1,2,25,-0.13770104522260634,0.7066237846949536,0.691648542881012
1,2,26,-0.007247423432768754,0.7066237846949536,0.6160167455673218
1,2,27,-0.03623711716384377,1.5255826325978228,0.6999731659889221
1,2,28,0.06522681089491879,1.4241187045390602,0.6606192588806152
1,2,29,0.07247423432768754,1.5908094434927416,0.7221065163612366
1,2,30,0.1594433155209126,1.576314596627204,0.6786522269248962
1,2,31,-0.2101752795502939,1.6487888309548917,0.744407594203949
1,2,32,-0.0942165046259938,1.5618197497616666,0.697839081287384
2,1,0,0.11914944184173272,-1.3516014808921557,0.99811851978302
2,1,1,0.07446840115108296,-1.411176201813022,0.9978556632995604
2,1,2,0.07446840115108296,-1.411176201813022,0.9976447224617004
2,1,3,0.06702156103597466,-1.411176201813022,0.9978753328323364
2,1,4,0.052127880805758066,-1.4186230419281303,0.9980058073997498
2,1,5,0.02978736046043318,-1.4260698820432385,0.99778413772583
2,1,6,0.007446840115108295,-1.4260698820432385,0.998001515865326
2,1,7,-0.03723420057554148,-1.3813888413525888,0.996151566505432
2,1,8,-0.1563836424172742,-1.3888356814676972,0.997819483280182
2,1,9,0.09680892149640784,-1.2771330797410727,0.996704638004303
2,1,10,0.06702156103597466,-1.284579919856181,0.9977776408195496
2,1,11,-0.022340520345324886,-0.9941531553669575,0.9974158406257628
2,1,12,-0.19361784299281568,-0.9941531553669575,0.9982608556747437
2,1,13,0.022340520345324886,-0.5622364286906762,0.5501187443733215
2,1,14,-0.5883003690935553,-0.5845769490360012,0.5574208498001099
2,1,15,0.14148996218705762,-0.4356401467338353,0.6366801261901855
2,1,16,-0.3202141249496567,-0.3388312252374274,0.5866393446922302
2,1,17,0.1787241627625991,-0.3686185856978606,0.6381704807281494
2,1,18,-0.1712773226474908,-0.2494691438561279,0.5873867869377136
2,1,19,0.19361784299281568,-0.3835122659280772,0.6388355493545532
2,1,20,-0.11170260172662443,-0.301597024661886,0.5877666473388672
2,1,21,0.1638304825323825,-0.3984059461582938,0.6288996934890747
2,1,22,-0.14148996218705762,-0.33138438512231916,0.5814234018325806
2,1,23,0.06702156103597466,0.0037234200575541475,0.9922869205474854
2,1,24,-0.06702156103597466,-0.0037234200575541475,0.9908361434936525
2,1,25,0.022340520345324886,0.7260669112230588,0.6580061316490173
2,1,26,-0.052127880805758066,0.755854271683492,0.6432588696479797
2,1,27,-0.10425576161151613,1.46330408261878,0.6767874956130981
2,1,28,-0.10425576161151613,1.46330408261878,0.6801342368125916
2,1,29,-0.1638304825323825,1.537772483769863,0.7020877003669739
2,1,30,-0.19361784299281568,1.5824535244605127,0.684855043888092
2,1,31,0.09680892149640784,1.5824535244605127,0.7322624921798706
2,1,32,0.13404312207194932,1.5973472046907293,0.7132896780967712
2,2,0,-0.27763633479200145,-1.3561467122532378,0.9982197284698486
2,2,1,-0.2278041721370268,-1.4202166356667765,0.997982144355774
2,2,2,-0.21356641137846263,-1.4202166356667765,0.997792899608612
2,2,3,-0.19932865061989846,-1.4130977552874944,0.9980215430259703
2,2,4,-0.242041932895591,-1.4202166356667765,0.998098611831665
2,2,5,-0.242041932895591,-1.4273355160460586,0.9978745579719543
2,2,6,-0.242041932895591,-1.4273355160460586,0.9980749487876892
2,2,7,-0.12813984682707757,-1.377503353391084,0.9964860677719116
2,2,8,-0.1850908898613343,-1.3846222337703662,0.9978215098381042
2,2,9,-0.242041932895591,-1.2849579084604168,0.9969677925109864
2,2,10,-0.26339857403343725,-1.2849579084604168,0.9978023171424866
2,2,11,0.007118880379282088,-1.0073215736684153,0.9976698160171508
2,2,12,-0.17085312910277012,-0.9859649325305692,0.9981322288513184
2,2,13,0.14949648796492385,-0.5445943490150797,0.5949037671089172
2,2,14,-0.20644753099918056,-0.5232377078772334,0.5054553151130676
2,2,15,-0.27051745441271935,-0.5089999471186692,0.6725535988807678
2,2,16,-0.3773006601019507,-0.35950345915374543,0.536187469959259
2,2,17,-0.3773006601019507,-0.4306922629465663,0.6732275485992432
2,2,18,-0.42001394237764317,-0.29543353574020664,0.5397652387619019
2,2,19,-0.3986573012397969,-0.46628666484297676,0.6737123727798462
2,2,20,-0.42713282275692527,-0.3381468180158992,0.5406327247619629
2,2,21,-0.3559440189641044,-0.4947621863601051,0.6639049649238586
2,2,22,-0.3986573012397969,-0.35238457877446333,0.5352627635002136
2,2,23,0.04271328227569253,-0.003559440189641044,0.9925323724746704
2,2,24,-0.04271328227569253,0.003559440189641044,0.9904330372810364
2,2,25,-0.1139020860685134,0.6940908369800036,0.6771478056907654
2,2,26,-0.021356641137846265,0.7083285977385677,0.6057968139648438
2,2,27,-0.04271328227569253,1.5198809609767259,0.6939482688903809
2,2,28,0.13525872720635967,1.4700487983217512,0.659033477306366
2,2,29,0.0569510430342567,1.612426405907393,0.7193859815597534
2,2,30,0.1850908898613343,1.612426405907393,0.6789617538452148
2,2,31,-0.2349230525163089,1.6764963293209316,0.7430829405784607
2,2,32,0.035594401896410444,1.6480208078038034,0.6967474818229675
3,1,0,0.12593456370937925,-1.374168327534697,0.9983287453651428
3,1,1,0.08889498614779712,-1.440839567145545,0.9980683326721193
3,1,2,0.08148707063548069,-1.440839567145545,0.9978535175323486
3,1,3,0.07407915512316426,-1.440839567145545,0.9980680346488952
3,1,4,0.06667123961084784,-1.440839567145545,0.9982253313064576
3,1,5,0.051855408586214985,-1.4482474826578613,0.9980138540267944
3,1,6,0.029631662049265706,-1.4482474826578613,0.998210608959198
3,1,7,-0.029631662049265706,-1.3963920740716462,0.9964115619659424
3,1,8,-0.1111187326847464,-1.4037999895839628,0.997976005077362
3,1,9,0.10371081717242997,-1.2926812568992163,0.9969598650932312
3,1,10,0.08148707063548069,-1.3000891724115329,0.9979376196861268
3,1,11,0.014815831024632853,-0.9963646364065593,0.997574269771576
3,1,12,-0.18519788780791066,-0.9963646364065593,0.998291313648224
3,1,13,0.04444749307389856,-0.5444817901552573,0.5535131096839905
3,1,14,-0.5111461703498335,-0.5592976211798901,0.5543342232704163
3,1,15,0.23705329639412565,-0.47040263503209306,0.6440308094024658
3,1,16,-0.18519788780791066,-0.3963234799089288,0.5808233618736267
3,1,17,0.2815007894680242,-0.44817888849514376,0.6465351581573486
3,1,18,-0.04444749307389856,-0.3370601558103974,0.5822839140892029
3,1,19,0.2889087049803406,-0.4852184660567259,0.6488195061683655
3,1,20,0.0,-0.38891556439661235,0.5827879309654236
3,1,21,0.2592770429310749,-0.4926263815690423,0.6384185552597046
3,1,22,-0.029631662049265706,-0.41113931093356165,0.5761488676071167
3,1,23,0.051855408586214985,-0.003703957756158213,0.9922094345092772
3,1,24,-0.051855408586214985,0.003703957756158213,0.9906747341156006
3,1,25,-0.10371081717242997,0.7000480159139023,0.6408448815345764
3,1,26,-0.03703957756158213,0.7222717624508516,0.6312105655670166
3,1,27,-0.12593456370937925,1.581589961879557,0.6718325614929199
3,1,28,-0.08148707063548069,1.477879144707127,0.6764443516731262
3,1,29,-0.20742163434485994,1.5964057929041897,0.7021664381027222
3,1,30,-0.17778997229559423,1.6186295394411392,0.6858507990837097
3,1,31,0.051855408586214985,1.7667878496874676,0.7272244095802307
3,1,32,0.13334247922169568,1.6482612014904048,0.7084619998931885
3,2,0,-0.23533266808159778,-1.3557971623805483,0.9984145164489746
3,2,1,-0.18615867773618927,-1.4260457200168462,0.9981797933578492
3,2,2,-0.1721089662089297,-1.4260457200168462,0.9979785084724426
3,2,3,-0.15805925468167015,-1.4260457200168462,0.9981997609138488
3,2,4,-0.20020838926344886,-1.4260457200168462,0.9982999563217164
3,2,5,-0.20020838926344886,-1.4260457200168462,0.9980762600898744
3,2,6,-0.20020838926344886,-1.4260457200168462,0.998272180557251
3,2,7,-0.0878106970453723,-1.3838965854350675,0.9967138767242432
3,2,8,-0.14400954315441059,-1.3909214411986972,0.9979479312896729
3,2,9,-0.20020838926344886,-1.2855486047442506,0.9971917271614076
3,2,10,-0.2212829565543382,-1.2855486047442506,0.9979537725448608
3,2,11,0.01756213940907446,-1.011579229962689,0.9978102445602416
3,2,12,-0.15805925468167015,-0.9834798069081698,0.997992992401123
3,2,13,0.1369846873907808,-0.5057896149813444,0.5979165434837341
3,2,14,-0.129959831627151,-0.4917399034540849,0.5037407279014587
3,2,15,-0.2564072353724871,-0.4987647592177147,0.6789872646331787
3,2,16,-0.3617800718269339,-0.3301682208905999,0.5301206707954407
3,2,17,-0.36880492759056366,-0.4425659131086764,0.6802467703819275
3,2,18,-0.389879494881453,-0.28801908630882117,0.5330067276954651
3,2,19,-0.389879494881453,-0.4776901919268253,0.6821391582489014
3,2,20,-0.3969043506450828,-0.3442179324178594,0.5338054895401001
3,2,21,-0.3477303602996743,-0.5057896149813444,0.6717082262039185
3,2,22,-0.36880492759056366,-0.37231735547237854,0.5283780097961426
3,2,23,0.0456615624635936,-0.007024855763629784,0.9923678040504456
3,2,24,-0.0456615624635936,0.007024855763629784,0.9897507429122924
3,2,25,-0.10186040857263187,0.7446347109447571,0.6587477326393127
3,2,26,-0.038636706699963816,0.7305849994174975,0.5889131426811218
3,2,27,0.024586995172704244,1.5805925468167015,0.6830185651779175
3,2,28,0.08078584128174252,1.4752197103622546,0.6418675780296326
3,2,29,0.129959831627151,1.7070399505620375,0.715323805809021
3,2,30,0.16508411044529994,1.6367913929257396,0.6650564670562744
3,2,31,-0.20723324502707863,1.7421642293801864,0.7315449714660645
3,2,32,-0.10888526433626165,1.62274168139848,0.6785916090011597
4,1,0,0.0986686490090977,-1.35317004355334,0.9984216690063475
4,1,1,0.06342984579156281,-1.4236476499884096,0.9981525540351868
4,1,2,0.05638208514805583,-1.4236476499884096,0.9979054927825928
4,1,3,0.05638208514805583,-1.4236476499884096,0.9981253743171692
4,1,4,0.042286563861041876,-1.4236476499884096,0.9983306527137756
4,1,5,0.028191042574027915,-1.4236476499884096,0.9981065988540648
4,1,6,0.007047760643506979,-1.4306954106319167,0.9983174204826356
4,1,7,-0.042286563861041876,-1.3813610861273677,0.9962106347084044
4,1,8,-0.11276417029611166,-1.3884088467708748,0.9980289340019226
4,1,9,0.08457312772208375,-1.2826924371182702,0.9970782399177552
4,1,10,0.06342984579156281,-1.289740197761777,0.9980463981628418
4,1,11,0.04933432450454885,-1.000782011377991,0.9975339770317078
4,1,12,-0.1973372980181954,-0.993734250734484,0.9981610774993896
4,1,13,0.042286563861041876,-0.5215342876195165,0.5487635731697083
4,1,14,-0.45105668118444664,-0.5144865269760095,0.5527682900428772
4,1,15,0.19028953737468843,-0.5074387663325025,0.6519654989242554
4,1,16,-0.06342984579156281,-0.38057907474937686,0.5754836201667786
4,1,17,0.25371938316625126,-0.4651522024714606,0.6590027213096619
4,1,18,0.07047760643506978,-0.32419698960132104,0.5764754414558411
4,1,19,0.26076714380975824,-0.5003910056889955,0.6627112627029419
4,1,20,0.0986686490090977,-0.4299133992539257,0.5768268704414368
4,1,21,0.21848057994871634,-0.5285820482630234,0.6498206853866577
4,1,22,0.06342984579156281,-0.4581044418279536,0.5696888566017151
4,1,23,0.08457312772208375,-0.007047760643506979,0.9911642670631408
4,1,24,-0.08457312772208375,0.007047760643506979,0.9894617795944214
4,1,25,0.021143281930520938,0.7329671069247258,0.6256696581840515
4,1,26,-0.0986686490090977,0.7118238249942048,0.6134142875671387
4,1,27,-0.07752536707857677,1.2615491551877491,0.6623356938362122
4,1,28,-0.17619401608767446,1.4447909319189307,0.6591193079948425
4,1,29,-0.14095521287013957,1.3884088467708748,0.700214684009552
4,1,30,-0.26076714380975824,1.6068894267195912,0.6701084971427917
4,1,31,0.04933432450454885,1.4659342138494516,0.721462070941925
4,1,32,0.028191042574027915,1.6209849480066052,0.6911681294441223
4,2,0,-0.18170714237883406,-1.352320463473246,0.9985218048095704
4,2,1,-0.13977472490679543,-1.4222078259266437,0.9982738494873048
4,2,2,-0.1257972524161159,-1.4222078259266437,0.9980446696281432
4,2,3,-0.11181977992543636,-1.4222078259266437,0.998262882232666
4,2,4,-0.1467634611521352,-1.4222078259266437,0.9984257817268372
4,2,5,-0.1467634611521352,-1.4222078259266437,0.9982060194015504
4,2,6,-0.1467634611521352,-1.4291965621719833,0.998412013053894
4,2,7,-0.06988736245339772,-1.380275408454605,0.9965349435806274
4,2,8,-0.1257972524161159,-1.3872641446999447,0.9980606436729432
4,2,9,-0.15375219739747498,-1.2824331010198482,0.9972954988479614
4,2,10,-0.16772966988815452,-1.2824331010198482,0.998072862625122
4,2,11,0.06289862620805795,-1.0098723874515971,0.99776691198349
4,2,12,-0.13278598866145566,-0.9889061787155777,0.997913122177124
4,2,13,0.15375219739747498,-0.4927059052964539,0.5934664607048035
4,2,14,-0.07687609869873749,-0.4787284328057744,0.501171350479126
4,2,15,-0.2306282960962125,-0.5066833777871335,0.6855573654174805
4,2,16,-0.1257972524161159,-0.3040100266722801,0.5236774682998657
4,2,17,-0.3634142847576681,-0.4577622240697551,0.6901765465736389
4,2,18,-0.27954944981359087,-0.2271339279735426,0.5261001586914062
4,2,19,-0.3704030210030079,-0.4996946415417937,0.6932615041732788
4,2,20,-0.2935269223042704,-0.2690663454455812,0.5266463756561279
4,2,21,-0.3214818672856295,-0.5276495865231527,0.6800227165222168
4,2,22,-0.2725607135682511,-0.29003255418160057,0.5208321213722229
4,2,23,0.06988736245339772,-0.010483104368009658,0.991542398929596
4,2,24,-0.06988736245339772,0.010483104368009658,0.9894880652427672
4,2,25,0.0,0.7722553551100448,0.6572265028953552
4,2,26,-0.07687609869873749,0.737311673883346,0.601287841796875
4,2,27,0.13278598866145566,1.5689712870787789,0.6890925765037537
4,2,28,0.11880851617077613,1.506072660870721,0.656844437122345
4,2,29,0.22363955985087272,1.6947685394948948,0.7213916182518005
4,2,30,0.20966208736019318,1.652836122022856,0.667060136795044
4,2,31,-0.11880851617077613,1.7646559019482926,0.7406997084617615
4,2,32,-0.10483104368009659,1.687779803249555,0.6908856630325317
5,1,0,0.10849004973386932,-1.3742072966290113,0.998572051525116
5,1,1,0.07232669982257954,-1.439301326469333,0.9983187913894652
5,1,2,0.06509402984032159,-1.439301326469333,0.9980681538581848
5,1,3,0.06509402984032159,-1.439301326469333,0.9982784986495972
5,1,4,0.057861359858063635,-1.439301326469333,0.998496115207672
5,1,5,0.04339601989354773,-1.439301326469333,0.9982874989509584
5,1,6,0.021698009946773865,-1.4465339964515909,0.998502790927887
5,1,7,0.04339601989354773,-1.4031379765580432,0.9962989687919616
5,1,8,-0.014465339964515909,-1.4031379765580432,0.9981999397277832
5,1,9,0.08679203978709546,-1.3018805968064318,0.997335970401764
5,1,10,0.07232669982257954,-1.3018805968064318,0.998200535774231
5,1,11,0.057861359858063635,-1.0053411275338557,0.9977251291275024
5,1,12,-0.18081674955644886,-0.9908757875693398,0.9981070160865784
5,1,13,-0.014465339964515909,-0.477356218829025,0.5388345718383789
5,1,14,-0.3616334991128977,-0.484588888811283,0.5500357747077942
5,1,15,0.15911873960967501,-0.47012354884676705,0.6270893216133118
5,1,16,0.07232669982257954,-0.4484255388999932,0.5673636794090271
5,1,17,0.2386781094145125,-0.4267275289532193,0.6350748538970947
5,1,18,0.19528208952096476,-0.4122621889887034,0.5665407180786133
5,1,19,0.2676087893435443,-0.49905422877579886,0.6389172673225403
5,1,20,0.21698009946773864,-0.4918215587935409,0.5663978457450867
5,1,21,0.23144543943225454,-0.5207522387225727,0.6264991760253906
5,1,22,0.16635140959193295,-0.49905422877579886,0.5571105480194092
5,1,23,0.09402470976935341,-0.007232669982257954,0.9913225769996644
5,1,24,-0.09402470976935341,0.007232669982257954,0.9896898865699768
5,1,25,0.057861359858063635,0.7377323381903114,0.6190944910049438
5,1,26,-0.09402470976935341,0.6943363182967637,0.6238861083984375
5,1,27,-0.13018805968064318,1.432068656487075,0.677420973777771
5,1,28,-0.15911873960967501,1.439301326469333,0.6755924820899963
5,1,29,-0.20251475950322273,1.4899300163451388,0.7131795883178711
5,1,30,-0.24591077939677045,1.5333260362386865,0.6787985563278198
5,1,31,0.03616334991128977,1.5188606962741704,0.7377942800521851
5,1,32,0.028930679929031818,1.59118739609675,0.7085083723068237
5,2,0,-0.15571433581388308,-1.3724589133363183,0.99865984916687
5,2,1,-0.12674422682525366,-1.4448841858078918,0.9984341859817504
5,2,2,-0.11225917233093896,-1.4448841858078918,0.9982019066810608
5,2,3,-0.10501664508378161,-1.4448841858078918,0.9984099268913268
5,2,4,-0.14122928131956836,-1.4448841858078918,0.998576045036316
5,2,5,-0.14122928131956836,-1.4448841858078918,0.9983624815940856
5,2,6,-0.14122928131956836,-1.4448841858078918,0.9985795021057128
5,2,7,-0.0760465360951522,-1.408671549572105,0.9966071248054504
5,2,8,-0.12674422682525366,-1.408671549572105,0.9982045888900756
5,2,9,-0.12674422682525366,-1.3000336408647448,0.9974984526634216
5,2,10,-0.14122928131956836,-1.307276168111902,0.9981599450111388
5,2,11,0.03259137261220808,-1.0103325509784506,0.9979318380355836
5,2,12,-0.09777411783662425,-0.9886049692369786,0.9975792169570924
5,2,13,0.018106318117893382,-0.4671430074416492,0.584507167339325
5,2,14,-0.03983389985936544,-0.44541542570017717,0.5009534358978271
5,2,15,-0.2715947717684007,-0.503355643677436,0.6634426116943359
5,2,16,-0.16295686306104043,-0.3657476259814463,0.5206438302993774
5,2,17,-0.4019602622172331,-0.4961131164302786,0.6693592667579651
5,2,18,-0.27883729901555804,-0.3512625714871316,0.5210809111595154
5,2,19,-0.4019602622172331,-0.5540533344075375,0.6726173758506775
5,2,20,-0.30056488075703014,-0.4309303712058625,0.5211943984031677
5,2,21,-0.35850509873428893,-0.5612958616546948,0.6602622866630554
5,2,22,-0.2715947717684007,-0.4381728984530198,0.5135033130645752
5,2,23,0.04707642710652279,-0.010863790870736028,0.9917610883712769
5,2,24,-0.04707642710652279,0.010863790870736028,0.989654541015625
5,2,25,-0.003621263623578676,0.8220268425523595,0.652593195438385
5,2,26,-0.0760465360951522,0.8002992608108874,0.6154345273971558
5,2,27,0.17019939030819778,1.6621600032226123,0.7042394876480103
5,2,28,0.14847180856672573,1.575249676256724,0.6712329387664795
5,2,29,0.2933223535098728,1.7925254936714448,0.7336646914482117
5,2,30,0.27883729901555804,1.734585275694186,0.673007071018219
5,2,31,-0.11225917233093896,1.843223184401546,0.7578296661376953
5,2,32,-0.11225917233093896,1.7925254936714448,0.7071635723114014
6,1,0,0.1395233366309325,-1.3839206633392493,0.9987084865570068
6,1,1,0.10935612871073087,-1.451796881159703,0.9984895586967468
6,1,2,0.10935612871073087,-1.451796881159703,0.998244047164917
6,1,3,0.10181432673068047,-1.4593386831397535,0.9984392523765564
6,1,4,0.09427252475063007,-1.4593386831397535,0.9986435174942015
6,1,5,0.07918892079052926,-1.4593386831397535,0.99844229221344
6,1,6,0.05656351485037804,-1.4593386831397535,0.9986623525619508
6,1,7,0.06410531683042844,-1.4216296732395015,0.9964840412139891
6,1,8,0.0037709009900252027,-1.4216296732395015,0.998344361782074
6,1,9,0.11689793069078129,-1.3085026435387452,0.9975698590278624
6,1,10,0.10181432673068047,-1.3160444455187958,0.9982892870903016
6,1,11,0.08673072277057967,-1.006830564336729,0.9979321360588074
6,1,12,-0.16214874257108372,-0.9917469603766284,0.9978073239326476
6,1,13,0.033938108910226826,-0.47890442573320074,0.5315660834312439
6,1,14,-0.35823559405239425,-0.4411954158329487,0.5501663684844971
6,1,15,0.22248315841148697,-0.4939880296933016,0.612849771976471
6,1,16,0.09427252475063007,-0.4562790197930495,0.5659209489822388
6,1,17,0.2752757722718398,-0.4638208217730999,0.6226919293403625
6,1,18,0.23002496039153736,-0.4411954158329487,0.5638927817344666
6,1,19,0.297901178211991,-0.539238841573604,0.6269877552986145
6,1,20,0.2526503663316886,-0.5316970395935536,0.5635236501693726
6,1,21,0.2526503663316886,-0.5467806435536544,0.6150076985359192
6,1,22,0.20739955445138614,-0.539238841573604,0.5534297227859497
6,1,23,0.10181432673068047,-0.0037709009900252027,0.9918599128723145
6,1,24,-0.10181432673068047,0.0037709009900252027,0.9900330901145936
6,1,25,0.08673072277057967,0.7504092970150154,0.6198314428329468
6,1,26,-0.11689793069078129,0.7277838910748641,0.6394072771072388
6,1,27,-0.10935612871073087,1.4216296732395015,0.6923855543136597
6,1,28,-0.19231595049128533,1.5045894950200558,0.6890684366226196
6,1,29,-0.18477414851123494,1.5573821088804087,0.7236450910568237
6,1,30,-0.2677339702917894,1.6101747227407615,0.6796251535415649
6,1,31,0.09427252475063007,1.617716524720812,0.7552117705345154
6,1,32,0.05656351485037804,1.6705091385811648,0.7237593531608582
6,2,0,-0.13380588398294124,-1.3789439710464224,0.998754620552063
6,2,1,-0.1040712430978432,-1.445846913037893,0.9985707998275756
6,2,2,-0.09663758287656868,-1.445846913037893,0.9983384013175964
6,2,3,-0.08920392265529417,-1.445846913037893,0.9985421895980836
6,2,4,-0.11893856354039223,-1.445846913037893,0.9986807703971864
6,2,5,-0.11893856354039223,-1.445846913037893,0.9984601736068726
6,2,6,-0.11893856354039223,-1.4532805732591674,0.9986955523490906
6,2,7,-0.07433660221274514,-1.4161122721527948,0.996748685836792
6,2,8,-0.1115049033191177,-1.4161122721527948,0.9982404112815856
6,2,9,-0.1040712430978432,-1.2971737086124027,0.9976601600646972
6,2,10,-0.12637222376166674,-1.3046073688336772,0.9981390833854676
6,2,11,0.029734640885098057,-1.0072609599826967,0.998108685016632
6,2,12,-0.06690294199147062,-0.9923936395401476,0.9969246983528136
6,2,13,-0.014867320442549029,-0.4571701036083826,0.5779250264167786
6,2,14,-0.03716830110637257,-0.42743546272328453,0.4993606805801391
6,2,15,-0.24531078730205896,-0.5092057251573042,0.650455892086029
6,2,16,-0.17840784531058834,-0.4497364433871081,0.5164481401443481
6,2,17,-0.3716830110637257,-0.49433840471475515,0.6579210162162781
6,2,18,-0.2824790884084315,-0.43486912294455904,0.516265869140625
6,2,19,-0.3716830110637257,-0.5612413467062258,0.6616184711456299
6,2,20,-0.3270810497360786,-0.49433840471475515,0.5162357687950134
6,2,21,-0.3270810497360786,-0.5686750069275003,0.6495503187179565
6,2,22,-0.23787712708078446,-0.5092057251573042,0.5077330470085144
6,2,23,0.014867320442549029,-0.003716830110637257,0.9920699596405028
6,2,24,-0.014867320442549029,0.003716830110637257,0.9894458055496216
6,2,25,-0.0520356215489216,0.8288531146721083,0.6517777442932129
6,2,26,-0.06690294199147062,0.8139857942295593,0.6214772462844849
6,2,27,0.13380588398294124,1.6911577003399518,0.7173481583595276
6,2,28,0.14867320442549029,1.6019537776846577,0.6781330704689026
6,2,29,0.260178107744608,1.8472645649867168,0.7447817921638489
6,2,30,0.2824790884084315,1.7803616229952461,0.6730411052703857
6,2,31,-0.09663758287656868,1.8993001865356383,0.7733361124992371
6,2,32,-0.09663758287656868,1.8398309047654422,0.7163922190666199
7,1,0,0.1799079107185361,-1.3992837500330586,0.9986991286277772
7,1,1,0.1479242821463519,-1.471246914320473,0.998420774936676
7,1,2,0.1479242821463519,-1.471246914320473,0.998117744922638
7,1,3,0.1479242821463519,-1.471246914320473,0.9983612298965454
7,1,4,0.1319324678602598,-1.471246914320473,0.9986315369606018
7,1,5,0.12393656071721375,-1.471246914320473,0.998418927192688
7,1,6,0.1159406535741677,-1.471246914320473,0.998701274394989
7,1,7,0.09195293214502956,-1.4472591928913348,0.9960049986839294
7,1,8,0.02798567500066117,-1.4392632857482888,0.998280107975006
7,1,9,0.163916096432444,-1.327320585745644,0.9975123405456544
7,1,10,0.1479242821463519,-1.327320585745644,0.9981775879859924
7,1,11,0.06796521071589141,-1.007484300023802,0.9979518055915833
7,1,12,-0.1319324678602598,-0.99149248573771,0.9972148537635804
7,1,13,0.09195293214502956,-0.5117380571549471,0.5246139764785767
7,1,14,-0.17191200357549005,-0.3997953571523024,0.5486489534378052
7,1,15,0.2518710750059505,-0.44777080001057873,0.5943694710731506
7,1,16,0.24387516786290447,-0.5197339642979931,0.562410295009613
7,1,17,0.3078424250072729,-0.44777080001057873,0.6040961146354675
7,1,18,0.37980558929468733,-0.5197339642979931,0.5600971579551697
7,1,19,0.32383423929336497,-0.503742150011901,0.6080688238143921
7,1,20,0.3718096821516413,-0.5757053142993155,0.5596309900283813
7,1,21,0.3158383321503189,-0.495746242868855,0.596875011920929
7,1,22,0.32383423929336497,-0.5837012214423616,0.5490292310714722
7,1,23,0.05996930357284536,-0.007995907143046049,0.9920397996902466
7,1,24,-0.05996930357284536,0.007995907143046049,0.9898141622543336
7,1,25,-0.02798567500066117,0.7835989000185127,0.6190742254257202
7,1,26,0.02798567500066117,0.7995907143046048,0.642130970954895
7,1,27,-0.20389563214767423,1.5671978000370255,0.707231342792511
7,1,28,-0.09195293214502956,1.6071773357522559,0.6940509676933289
7,1,29,-0.24387516786290447,1.6871364071827162,0.7357509136199951
7,1,30,-0.163916096432444,1.7111241286118544,0.6827200651168823
7,1,31,0.01998976785761512,1.7351118500409926,0.7713545560836792
7,1,32,0.13992837500330585,1.783087292899269,0.7307446599006653
7,2,0,-0.0887925001468512,-1.3936561979570992,0.9988046884536744
7,2,1,-0.0810714131775598,-1.4554248937114305,0.998558521270752
7,2,2,-0.07335032620826838,-1.4554248937114305,0.9982821941375732
7,2,3,-0.05790815226968556,-1.4554248937114305,0.9985078573226928
7,2,4,-0.09651358711614261,-1.4554248937114305,0.9987396001815796
7,2,5,-0.10423467408543402,-1.4631459806807219,0.9985382556915284
7,2,6,-0.10423467408543402,-1.4631459806807219,0.9988019466400146
7,2,7,-0.019302717423228522,-1.4322616328035562,0.9963806867599488
7,2,8,-0.0810714131775598,-1.4322616328035562,0.9983892440795898
7,2,9,-0.0810714131775598,-1.3087242412948936,0.9977081418037416
7,2,10,-0.10423467408543402,-1.316445328264185,0.998266875743866
7,2,11,0.05790815226968556,-1.0076018494925287,0.9981205463409424
7,2,12,-0.0887925001468512,-0.992159675553946,0.9969549179077148
7,2,13,-0.06562923923897697,-0.4671257616421302,0.5715152621269226
7,2,14,-0.11195576105472542,-0.40535706588779896,0.5007469058036804
7,2,15,-0.1814455437783481,-0.5752209792122099,0.6333516240119934
7,2,16,-0.11195576105472542,-0.49028902255000445,0.5196146368980408
7,2,17,-0.25093532650197076,-0.6061053270893756,0.6403079628944397
7,2,18,0.011581630453937113,-0.4748468486114216,0.5192453861236572
7,2,19,-0.21232989165551372,-0.6678740228437068,0.6436823010444641
7,2,20,0.05790815226968556,-0.5366155443657529,0.5191392302513123
7,2,21,-0.17372445680905668,-0.6601529358744154,0.6323003172874451
7,2,22,-0.042465978331102744,-0.5443366313350443,0.5106197595596313
7,2,23,0.03474489136181134,-0.011581630453937113,0.9924470782279968
7,2,24,-0.03474489136181134,0.011581630453937113,0.9900389313697816
7,2,25,0.042465978331102744,0.860901197075992,0.6528149843215942
7,2,26,0.10423467408543402,0.9072277188917405,0.6312301158905029
7,2,27,0.17372445680905668,1.7642683724830868,0.7314328551292419
7,2,28,0.22005097862480513,1.6175677200665501,0.6875191926956177
7,2,29,0.2663775004405536,1.9418533727767893,0.7550241947174072
7,2,30,0.3204251092255935,1.826037068237418,0.6772449016571045
7,2,31,-0.13511902196259964,1.9495744597460807,0.7887535095214844
7,2,32,-0.0038605434846457043,1.8878057639917494,0.7276836037635803
8,1,0,0.2130700232506017,-1.4177351547059267,0.998850405216217
8,1,1,0.17209501877933214,-1.483295161859958,0.9986276030540466
8,1,2,0.17209501877933214,-1.483295161859958,0.998356819152832
8,1,3,0.18848502056783997,-1.483295161859958,0.998570442199707
8,1,4,0.1557050169908243,-1.483295161859958,0.9987959265708924
8,1,5,0.13931501520231648,-1.483295161859958,0.9986040592193604
8,1,6,0.13931501520231648,-1.483295161859958,0.9988643527030944
8,1,7,0.10653501162530085,-1.4587101591771963,0.9964917302131652
8,1,8,0.04097500447126956,-1.4505151582829423,0.9985050559043884
8,1,9,0.18848502056783997,-1.3357851457633876,0.9978387355804444
8,1,10,0.16390001788507824,-1.3357851457633876,0.998390793800354
8,1,11,0.09014500983679302,-1.007985109993231,0.9981259703636168
8,1,12,-0.13112001430806258,-0.9915951082047233,0.9972405433654784
8,1,13,0.12292501341380867,-0.49170005365523467,0.5203158259391785
8,1,14,-0.10653501162530085,-0.38516504202993385,0.5488254427909851
8,1,15,0.3032150330873947,-0.5490650599150121,0.586321234703064
8,1,16,0.3032150330873947,-0.5900400643862816,0.5635240077972412
8,1,17,0.4097500447126956,-0.5818450634920277,0.5969189405441284
8,1,18,0.45072504918396517,-0.6146250670690434,0.560126543045044
8,1,19,0.4261400465012034,-0.647405070646059,0.6005479693412781
8,1,20,0.4425300482897112,-0.6883800751173286,0.5592232346534729
8,1,21,0.38516504202993385,-0.647405070646059,0.5895177125930786
8,1,22,0.38516504202993385,-0.6883800751173286,0.5479360222816467
8,1,23,0.0737550080482852,-0.008195000894253911,0.9926798939704896
8,1,24,-0.0737550080482852,0.008195000894253911,0.990437924861908
8,1,25,0.0737550080482852,0.8031100876368833,0.6150662899017334
8,1,26,0.008195000894253911,0.8113050885311373,0.6492308974266052
8,1,27,-0.1557050169908243,1.6226101770622745,0.7143912315368652
8,1,28,-0.12292501341380867,1.6471951797450362,0.6993441581726074
8,1,29,-0.2212650241448556,1.7127551868990676,0.7352282404899597
8,1,30,-0.2212650241448556,1.761925192264591,0.6804711818695068
8,1,31,0.10653501162530085,1.761925192264591,0.7814565300941467
8,1,32,0.2048750223563478,1.8192901985243684,0.7396665811538696
8,2,0,-0.09152242484758487,-1.403343847662968,0.9989516139030457
8,2,1,-0.06864181863568865,-1.464358797561358,0.9987499713897704
8,2,2,-0.06101494989838992,-1.464358797561358,0.9985049962997437
8,2,3,-0.045761212423792434,-1.464358797561358,0.9986993074417114
8,2,4,-0.09152242484758487,-1.464358797561358,0.9988974332809448
8,2,5,-0.09914929358488361,-1.4719856662986566,0.998721182346344
8,2,6,-0.09914929358488361,-1.4719856662986566,0.9989587664604188
8,2,7,-0.022880606211896217,-1.4414781913494616,0.9968219995498656
8,2,8,-0.08389555611028614,-1.4414781913494616,0.9986222982406616
8,2,9,-0.07626868737298739,-1.3270751602899806,0.998027205467224
8,2,10,-0.10677616232218234,-1.3347020290272793,0.998507559299469
8,2,11,0.10677616232218234,-0.9991198045861348,0.9982935786247252
8,2,12,-0.19067171843246847,-0.9991198045861348,0.9973964095115662
8,2,13,-0.022880606211896217,-0.5110002053990156,0.5679227113723755
8,2,14,-0.16016424348327352,-0.43473151802602816,0.5143489241600037
8,2,15,-0.19067171843246847,-0.701671923831484,0.6269456148147583
8,2,16,-0.12202989979677983,-0.2821941432800534,0.5416372418403625
8,2,17,-0.26694040580545586,-0.7703137424671727,0.6355605125427246
8,2,18,-0.09152242484758487,-0.33558222444114455,0.5396002531051636
8,2,19,-0.18304484969516974,-0.8237018236282638,0.6387087106704712
8,2,20,-0.14491050600867605,-0.20592545590706596,0.5395106673240662
8,2,21,-0.16016424348327352,-0.8084480861536664,0.6280165910720825
8,2,22,-0.1372836372713773,-0.22880606211896218,0.52967768907547
8,2,23,0.09914929358488361,0.0,0.9931929111480712
8,2,24,-0.09914929358488361,0.0,0.9910299181938172
8,2,25,0.00762686873729874,0.7703137424671727,0.6470890641212463
8,2,26,0.00762686873729874,0.7550600049925752,0.6331758499145508
8,2,27,0.05338808116109117,1.6168961723073327,0.7364051342010498
8,2,28,0.22880606211896218,1.548254353671644,0.6891041398048401
8,2,29,0.10677616232218234,1.75417980957871,0.755473792552948
8,2,30,0.2745672745427546,1.7465529408414113,0.6772270798683167
8,2,31,-0.15253737474597479,1.7999410220025025,0.7965860962867737
8,2,32,0.05338808116109117,1.7007917284176188,0.7349304556846619
9,1,0,0.16985303827339593,-1.4101752247349382,0.9990389347076416
9,1,1,0.15405275564331258,-1.4733763552552717,0.9988589882850648
9,1,2,0.16195289695835424,-1.4812764965703131,0.9986320734024048
9,1,3,0.16195289695835424,-1.4812764965703131,0.9988080263137816
9,1,4,0.13035233169818755,-1.4733763552552717,0.998991310596466
9,1,5,0.12245219038314589,-1.4733763552552717,0.9988292455673218
9,1,6,0.10665190775306255,-1.4733763552552717,0.999047875404358
9,1,7,0.07505134249289587,-1.4496759313101466,0.9970848560333252
9,1,8,0.0039500706575208355,-1.441775789995105,0.998749852180481
9,1,9,0.16195289695835424,-1.3390739528995632,0.998202383518219
9,1,10,0.13035233169818755,-1.3390739528995632,0.9986436367034912
9,1,11,0.09875176643802089,-1.007268017667813,0.9983757734298706
9,1,12,-0.16985303827339593,-0.9914677350377297,0.997644305229187
9,1,13,0.18565332090347925,-0.5569599627104378,0.526576578617096
9,1,14,-0.043450777232729186,-0.4147574190396877,0.5614328980445862
9,1,15,0.3673565711494377,-0.7149627890112712,0.6059725284576416
9,1,16,0.312055581944146,-0.6991625063811878,0.5852451920509338
9,1,17,0.4858586908750627,-0.7386632129563961,0.6156245470046997
9,1,18,0.4226575603547294,-0.7228629303263129,0.5811816453933716
9,1,19,0.4858586908750627,-0.8097644847917712,0.6183378100395203
9,1,20,0.4147574190396877,-0.7939642021616878,0.5804608464241028
9,1,21,0.4226575603547294,-0.8018643434767295,0.6072718501091003
9,1,22,0.359456429834396,-0.7860640608466463,0.5693313479423523
9,1,23,0.07505134249289587,-0.0039500706575208355,0.9934871792793274
9,1,24,-0.07505134249289587,0.0039500706575208355,0.991408109664917
9,1,25,0.05925105986281253,0.7781639195316046,0.6043384075164795
9,1,26,-0.019750353287604175,0.7702637782165629,0.6406549215316772
9,1,27,-0.18565332090347925,1.536577485775605,0.7037361264228821
9,1,28,-0.12245219038314589,1.56027790972073,0.6864737272262573
9,1,29,-0.2567545927388543,1.5997786162959382,0.7262895703315735
9,1,30,-0.22515402747868762,1.6629797468162717,0.67072594165802
9,1,31,0.05925105986281253,1.65507960550123,0.7738971710205078
9,1,32,0.1777531795884376,1.7103805947065216,0.7354239225387573
9,2,0,-0.09373855800325269,-1.4138899165490615,0.9991304278373718
9,2,1,-0.07811546500271058,-1.484193835051501,0.998969793319702
9,2,2,-0.06249237200216846,-1.484193835051501,0.9987649321556092
9,2,3,-0.0546808255018974,-1.484193835051501,0.9989240765571594
9,2,4,-0.10155010450352375,-1.484193835051501,0.999087691307068
9,2,5,-0.10155010450352375,-1.484193835051501,0.9989402890205384
9,2,6,-0.1093616510037948,-1.484193835051501,0.9991382956504822
9,2,7,-0.023434639500813172,-1.4451361025501457,0.9973727464675904
9,2,8,-0.09373855800325269,-1.4529476490504167,0.9988669753074646
9,2,9,-0.08592701150298164,-1.3357744515463508,0.99837464094162
9,2,10,-0.1093616510037948,-1.3435859980466218,0.9987674355506896
9,2,11,0.10155010450352375,-0.9920664055344243,0.9985277056694032
9,2,12,-0.13279629050460798,-1.0076894985349665,0.9977908134460448
9,2,13,0.0,-0.46869279001626346,0.5734108686447144
9,2,14,-0.2577810345089449,-0.44525815051545026,0.5211875438690186
9,2,15,-0.13279629050460798,-0.7499084640260215,0.6442949175834656
9,2,16,-0.2187233020075896,-0.679604545523582,0.5584498047828674
9,2,17,-0.1640424765056922,-0.8202123825284611,0.6516372561454773
9,2,18,-0.32027340651111336,-0.7342853710254794,0.5558821558952332
9,2,19,0.03124618600108423,-0.8827047545306295,0.6539732217788696
9,2,20,-0.26559258100921596,-0.8202123825284611,0.554746687412262
9,2,21,0.03905773250135529,-0.8670816615300874,0.6430336236953735
9,2,22,-0.23434639500813173,-0.804589289527919,0.5441627502441406
9,2,23,0.03905773250135529,0.0,0.9939558506011964
9,2,24,-0.03905773250135529,0.0,0.991960346698761
9,2,25,-0.007811546500271057,0.8983278475311717,0.6344280242919922
9,2,26,0.06249237200216846,0.8592701150298163,0.6064728498458862
9,2,27,-0.015623093000542114,1.7575979625609879,0.722464382648468
9,2,28,0.1093616510037948,1.6872940440585484,0.6603147983551025
9,2,29,0.07811546500271058,1.890394253065596,0.7436924576759338
9,2,30,0.1484193835051501,1.8044672415626144,0.6534376740455627
9,2,31,-0.18747711600650538,1.890394253065596,0.785433828830719
9,2,32,-0.046869279001626345,1.788844148562072,0.7180513143539429
10,1,0,0.15554970413267932,-1.416320990260712,0.9991472363471984
10,1,1,0.1391760510660815,-1.4818156025271032,0.9990068674087524
10,1,2,0.1473628775993804,-1.490002429060402,0.9988040328025818
10,1,3,0.1391760510660815,-1.490002429060402,0.9989599585533142
10,1,4,0.12280239799948368,-1.4818156025271032,0.9991071224212646
10,1,5,0.10642874493288586,-1.4818156025271032,0.9989578723907472
10,1,6,0.08186826533298912,-1.4818156025271032,0.9991554617881776
10,1,7,0.04912095919979347,-1.4572551229272064,0.9974762201309204
10,1,8,-0.024560479599896736,-1.4326946433273096,0.9989190697669984
10,1,9,0.1473628775993804,-1.3508263779943206,0.9984580278396606
10,1,10,0.12280239799948368,-1.3426395514610217,0.9988272786140442
10,1,11,0.10642874493288586,-1.0151664901290651,0.998598337173462
10,1,12,-0.2046706633324728,-0.9824191839958695,0.997979700565338
10,1,13,0.22104431639907063,-0.5730778573309239,0.5434877276420593
10,1,14,-0.024560479599896736,-0.4093413266649456,0.5675003528594971
10,1,15,0.4011545001316467,-0.8432431329297879,0.6525582075119019
10,1,16,0.2947257551987608,-0.8350563063964891,0.6014648675918579
10,1,17,0.5403305511977282,-0.8678036125296846,0.6579217314720154
10,1,18,0.4011545001316467,-0.9005509186628803,0.5979061126708984
10,1,19,0.5239568981311303,-0.9251113982627771,0.6599060297012329
10,1,20,0.36840719399845107,-0.9824191839958695,0.5965268611907959
10,1,21,0.46664911239803797,-0.9251113982627771,0.6474164724349976
10,1,22,0.3356598878652554,-0.9742323574625705,0.5853590965270996
10,1,23,0.09824191839958694,-0.008186826533298911,0.9941644668579102
10,1,24,-0.09824191839958694,0.008186826533298911,0.992189347743988
10,1,25,0.09824191839958694,0.8268694798631901,0.5906952023506165
10,1,26,-0.024560479599896736,0.8350563063964891,0.6052128672599792
10,1,27,-0.18011018373257606,1.6373653066597824,0.6802691221237183
10,1,28,-0.17192335719927715,1.678299439326277,0.6520518064498901
10,1,29,-0.2701652755988641,1.6946730923928748,0.7034449577331543
10,1,30,-0.278352102132163,1.776541357725864,0.6419535279273987
10,1,31,0.04093413266649456,1.7437940515926682,0.7544657588005066
10,1,32,0.10642874493288586,1.8338491434589563,0.7129784822463989
10,2,0,-0.20314469677543906,-1.413721257151525,0.9992299675941468
10,2,1,-0.1616865953926964,-1.4883458396404616,0.9991042613983154
10,2,2,-0.15339497511614786,-1.4883458396404616,0.998921513557434
10,2,3,-0.1368117345630508,-1.4966374599170102,0.9990622997283936
10,2,4,-0.186561456222342,-1.4800542193639132,0.999193787574768
10,2,5,-0.186561456222342,-1.4883458396404616,0.9990587830543518
10,2,6,-0.186561456222342,-1.4883458396404616,0.9992372393608092
10,2,7,-0.062187152074114,-1.4634709788108162,0.9977267384529114
10,2,8,-0.1119368737334052,-1.446887738257719,0.9990224242210388
10,2,9,-0.16997821566924493,-1.3473882949391367,0.9986072778701782
10,2,10,-0.19485307649889053,-1.339096674662588,0.9989354610443116
10,2,11,0.062187152074114,-1.0074318636006467,0.9987317323684692
10,2,12,-0.14510335483959932,-0.9908486230475497,0.998087763786316
10,2,13,-0.0373122912444684,-0.5016430267311862,0.5885921716690063
10,2,14,-0.186561456222342,-0.40214358341260387,0.5297597050666809
10,2,15,-0.12852011428650226,-0.7586832553041908,0.6863510608673096
10,2,16,-0.12852011428650226,-0.7172251539214481,0.5830219388008118
10,2,17,0.062187152074114,-0.8167245972400305,0.6900124549865723
10,2,18,-0.09535363318030814,-0.808432976963482,0.579582154750824
10,2,19,-0.1616865953926964,-0.8913491797289673,0.6917076110839844
10,2,20,-0.1119368737334052,-0.8747659391758703,0.5771514773368835
10,2,21,-0.19485307649889053,-0.8747659391758703,0.6795719265937805
10,2,22,-0.21972793732853613,-0.8498910783462247,0.5652658343315125
10,2,23,0.045603911521016935,-0.004145810138274267,0.9946240782737732
10,2,24,-0.045603911521016935,0.004145810138274267,0.9927389025688172
10,2,25,-0.020729050691371334,1.0323067244302924,0.622194766998291
10,2,26,0.062187152074114,1.0240151041537437,0.5746502876281738
10,2,27,0.0373122912444684,1.9692598156802767,0.7019193172454834
10,2,28,0.12022849400995374,1.8946352331913399,0.6288876533508301
10,2,29,0.14510335483959932,2.1268006009346987,0.7214193940162659
10,2,30,0.186561456222342,2.019009537339568,0.6237581968307495
10,2,31,-0.2777692792643759,2.0107179170630194,0.7695149183273315
10,2,32,-0.14510335483959932,1.9029268534678885,0.7003189325332642
11,1,0,0.16099610550100066,-1.4046910204962306,0.9992705583572388
11,1,1,0.1690459107760507,-1.4771392679716808,0.9991574287414552
11,1,2,0.16099610550100066,-1.4771392679716808,0.9989796876907348
11,1,3,0.1529463002259506,-1.4771392679716808,0.9991161227226256
11,1,4,0.14489649495090057,-1.4690894626966309,0.999232053756714
11,1,5,0.1287968844008005,-1.4690894626966309,0.9990962147712708
11,1,6,0.10464746857565042,-1.4690894626966309,0.9992681741714478
11,1,7,0.05634863692535023,-1.4529898521465308,0.9978552460670472
11,1,8,-0.008049805275050032,-1.4368902415964309,0.9990832209587096
11,1,9,0.17709571605110072,-1.3322427730207804,0.9987019896507264
11,1,10,0.1529463002259506,-1.3322427730207804,0.9990032315254213
11,1,11,0.08049805275050033,-1.010250562018779,0.998813807964325
11,1,12,-0.20124513187625082,-0.986101146193629,0.998258650302887
11,1,13,0.20124513187625082,-0.5433618560658772,0.5580129027366638
11,1,14,0.008049805275050032,-0.43066458221517673,0.5755895376205444
11,1,15,0.38639065320240157,-0.8331548459676783,0.691957950592041
11,1,16,0.2978427951768512,-0.8734038723429285,0.6235542893409729
11,1,17,0.5393369534283522,-0.8734038723429285,0.6923170685768127
11,1,18,0.41054006902755164,-0.9056030934431286,0.6189480423927307
11,1,19,0.515187537603202,-0.9217027039932287,0.6937389969825745
11,1,20,0.3783408479273515,-1.026350172568879,0.6163056492805481
11,1,21,0.44273929012775176,-0.9217027039932287,0.680594265460968
11,1,22,0.3300420162770513,-1.010250562018779,0.6037752628326416
11,1,23,0.08854785802555036,-0.004024902637525016,0.9946437478065492
11,1,24,-0.08854785802555036,0.004024902637525016,0.992625057697296
11,1,25,0.06439844220040025,0.8090054301425282,0.5745642781257629
11,1,26,-0.008049805275050032,0.8090054301425282,0.5720376372337341
11,1,27,-0.14489649495090057,1.5737369312722813,0.6564370393753052
11,1,28,-0.14489649495090057,1.6381353734726816,0.6196964383125305
11,1,29,-0.23344435297645094,1.6944840103980319,0.6811453104019165
11,1,30,-0.24149415825150097,1.734733036773282,0.6128560900688171
11,1,31,0.05634863692535023,1.6864342051229817,0.7355490326881409
11,1,32,0.1287968844008005,1.7266832314982319,0.6942328214645386
11,2,0,-0.17381009800201477,-1.4106912605279802,0.9993356466293336
11,2,1,-0.12530495437354552,-1.491533166575429,0.9992347955703736
11,2,2,-0.11722076376880065,-1.491533166575429,0.9990741014480592
11,2,3,-0.10105238255931091,-1.491533166575429,0.999198079109192
11,2,4,-0.14147333558303526,-1.4834489759706841,0.9992993474006652
11,2,5,-0.14955752618778015,-1.4834489759706841,0.9991748332977296
11,2,6,-0.14955752618778015,-1.4834489759706841,0.999332070350647
11,2,7,-0.05254723893084167,-1.4591964041564496,0.9980620741844176
11,2,8,-0.10105238255931091,-1.4430280229469599,0.999157965183258
11,2,9,-0.14147333558303526,-1.3460177356900214,0.9988176226615906
11,2,10,-0.1657259073972699,-1.3379335450852765,0.9990791082382202
11,2,11,0.06063142953558655,-0.9983975396859918,0.9989190101623536
11,2,12,-0.17381009800201477,-0.9983975396859918,0.9983357787132264
11,2,13,-0.05254723893084167,-0.5133461034012994,0.6016162037849426
11,2,14,-0.24656781344471862,-0.4244200067491058,0.5464237928390503
11,2,15,0.0444630483260968,-0.7801243933578802,0.7218168377876282
11,2,16,-0.23039943223522888,-0.7558718215436456,0.6169660091400146
11,2,17,0.05254723893084167,-0.8367137275910943,0.7209881544113159
11,2,18,-0.3193255288874225,-0.8124611557768597,0.6108220815658569
11,2,19,0.0444630483260968,-0.9013872524290533,0.7221621870994568
11,2,20,-0.2627361946542084,-0.8852188712195636,0.6076921224594116
11,2,21,-0.0444630483260968,-0.8933030618243084,0.709421694278717
11,2,22,-0.18997847921150451,-0.8690504900100738,0.5940701961517334
11,2,23,0.06871562014033142,-0.004042095302372436,0.9949782490730286
11,2,24,-0.06871562014033142,0.004042095302372436,0.9930758476257324
11,2,25,-0.03637885772135193,0.8852188712195636,0.6060128211975098
11,2,26,0.05254723893084167,0.925639824243288,0.5442531108856201
11,2,27,0.020210476511862183,1.806816600160479,0.6787907481193542
11,2,28,0.157641716792525,1.806816600160479,0.6011725664138794
11,2,29,0.09296819195456604,1.9038268874174176,0.699867844581604
11,2,30,0.222315241630484,1.9280794592316521,0.6004775166511536
11,2,31,-0.21423105102573914,1.9280794592316521,0.7512626051902771
11,2,32,-0.0444630483260968,1.8391533625794585,0.6844437718391418
12,1,0,0.1573328449030152,-1.3923956773916846,0.9993737936019896
12,1,1,0.14159956041271368,-1.4631954575980415,0.9992870688438416
12,1,2,0.14159956041271368,-1.4631954575980415,0.9991360306739808
12,1,3,0.13373291816756291,-1.4631954575980415,0.9992523193359376
12,1,4,0.12586627592241217,-1.4553288153528907,0.9993332028388976
12,1,5,0.11013299143211064,-1.4553288153528907,0.9992070198059082
12,1,6,0.08653306469665836,-1.44746217310774,0.9993515610694884
12,1,7,0.04719985347090456,-1.4317288886174384,0.9982022643089294
12,1,8,-0.015733284490301522,-1.408128961881986,0.9992077946662904
12,1,9,0.18879941388361823,-1.3215958971853277,0.9989020824432372
12,1,10,0.16519948714816596,-1.313729254940177,0.9991260766983032
12,1,11,0.10226634918695988,-1.0305301341147495,0.9990096688270568
12,1,12,-0.18879941388361823,-0.9675969961535434,0.9984764456748962
12,1,13,0.1809327716384675,-0.558531599405704,0.579897940158844
12,1,14,0.06293313796120609,-0.4326653234832918,0.5900822877883911
12,1,15,0.3697321855220857,-0.8889305737020359,0.7324909567832947
12,1,16,0.29106576307057813,-0.8731972892117343,0.653894305229187
12,1,17,0.4719985347090456,-0.9361304271729405,0.7290770411491394
12,1,18,0.26746583633512583,-1.077729987585654,0.646658718585968
12,1,19,0.4483986079735933,-0.9911969228889957,0.7300586104393005
12,1,20,0.22813262510937204,-1.1327964833017095,0.6433448791503906
12,1,21,0.393332112257538,-0.983330280643845,0.7165408134460449
12,1,22,0.2123993406190705,-1.1013299143211064,0.6291290521621704
12,1,23,0.08653306469665836,-0.007866642245150761,0.9952305555343628
12,1,24,-0.08653306469665836,0.007866642245150761,0.9931721091270448
12,1,25,0.04719985347090456,0.7473310132893222,0.5642712712287903
12,1,26,0.0393332112257538,0.7551976555344729,0.5521342754364014
12,1,27,-0.13373291816756291,1.5497285222946997,0.6472217440605164
12,1,28,-0.11013299143211064,1.5654618067850012,0.6057578921318054
12,1,29,-0.22813262510937204,1.644128229236509,0.673036515712738
12,1,30,-0.22026598286422128,1.675594798217112,0.602885901927948
12,1,31,0.08653306469665836,1.6834614404622628,0.733955979347229
12,1,32,0.13373291816756291,1.699194724952564,0.6897739768028259
12,2,0,-0.15284600789302955,-1.4148053551124018,0.9994345903396606
12,2,1,-0.10581646700286661,-1.4853496664476462,0.9993569254875184
12,2,2,-0.09797821018783945,-1.4853496664476462,0.999220848083496
12,2,3,-0.09013995337281229,-1.4853496664476462,0.9993258118629456
12,2,4,-0.12933123744794808,-1.4853496664476462,0.9993980526924132
12,2,5,-0.12933123744794808,-1.4853496664476462,0.9992840886116028
12,2,6,-0.12933123744794808,-1.4853496664476462,0.9994146227836608
12,2,7,-0.04311041248264936,-1.4461583823725104,0.9983806014060974
12,2,8,-0.09013995337281229,-1.4383201255574831,0.9992839694023132
12,2,9,-0.12149298063292092,-1.3442610437771574,0.9990081787109376
12,2,10,-0.1450077510780024,-1.3520993005921844,0.9992075562477112
12,2,11,0.06662518292773083,-1.0072160007309896,0.999101221561432
12,2,12,-0.13716949426297523,-0.9915394871009353,0.9985647797584534
12,2,13,-0.07446343974275799,-0.5369205918293602,0.6213133335113525
12,2,14,-0.16852252152308386,-0.4663762804941158,0.5573932528495789
12,2,15,-0.0352721556676222,-0.8347743508003921,0.7580090761184692
12,2,16,-0.12149298063292092,-0.7877448099102292,0.6427590847015381
12,2,17,-0.01959564203756789,-0.8896421485055822,0.7536240816116333
12,2,18,-0.2547433464883826,-0.8818038916905551,0.6356723308563232
12,2,19,-0.02743389885259505,-0.9523482030257995,0.7544469237327576
12,2,20,-0.1450077510780024,-0.9366716893957452,0.6323728561401367
12,2,21,-0.09797821018783945,-0.9366716893957452,0.7414076328277588
12,2,22,-0.176360778338111,-0.9209951757656909,0.6179296374320984
12,2,23,0.05094866929767652,-0.011757385222540735,0.9956032633781432
12,2,24,-0.05094866929767652,0.011757385222540735,0.9936739802360536
12,2,25,-0.02743389885259505,0.8739656348755279,0.598155677318573
12,2,26,0.05878692611270367,0.9131569189506638,0.5276923775672913
12,2,27,0.07446343974275799,1.8145564526787867,0.672038733959198
12,2,28,0.15284600789302955,1.7440121413435423,0.5865930318832397
12,2,29,0.16852252152308386,1.9556450753492756,0.693119466304779
12,2,30,0.22339031922827396,1.877262507199004,0.5882311463356018
12,2,31,-0.20771380559821964,1.932130304904194,0.7509472370147705
12,2,32,-0.07446343974275799,1.8145564526787867,0.6790042519569397
13,1,0,0.17120471795962394,-1.3736192487458199,0.9993950128555298
13,1,1,0.13935267740899623,-1.4452863399847322,0.9993386268615724
13,1,2,0.1313896672713393,-1.4532493501223893,0.9991934299468994
13,1,3,0.1313896672713393,-1.4532493501223893,0.9993004202842712
13,1,4,0.12342665713368238,-1.4452863399847322,0.9993299245834352
13,1,5,0.10750063685836853,-1.4532493501223893,0.9991883039474488
13,1,6,0.08361160644539774,-1.4532493501223893,0.9993197917938232
13,1,7,0.0437965557571131,-1.4213973095717616,0.9983587265014648
13,1,8,-0.027870535481799245,-1.4054712892964476,0.9992438554763794
13,1,9,0.163241707821967,-1.3099151676445646,0.9989739060401917
13,1,10,0.13935267740899623,-1.3019521575069077,0.9991272687911988
13,1,11,0.09953762672071159,-1.031209812826572,0.9991355538368224
13,1,12,-0.17120471795962394,-0.9675057317253167,0.9986556768417358
13,1,13,0.14731568754665317,-0.5295401741541856,0.5721192359924316
13,1,14,0.11546364699602545,-0.45787308291527334,0.5977617502212524
13,1,15,0.37824298153870406,-0.8321345593851489,0.7366635203361511
13,1,16,0.18713073823493778,-1.0073207824136012,0.6751989722251892
13,1,17,0.5136141538788718,-0.8639865999357766,0.7357165813446045
13,1,18,0.23490879906087936,-1.0869508837901707,0.66608065366745
13,1,19,0.5375031842918426,-0.8958386404864044,0.7374715805053711
13,1,20,0.17120471795962394,-1.158617975029083,0.662444531917572
13,1,21,0.45787308291527334,-0.9038016506240613,0.7236054539680481
13,1,22,0.14731568754665317,-1.1188029243407982,0.6467056274414062
13,1,23,0.09953762672071159,-0.01194451520648539,0.9955414533615112
13,1,24,-0.09953762672071159,0.01194451520648539,0.9934531450271606
13,1,25,0.09157461658305467,0.7525044580085797,0.5550336837768555
13,1,26,0.05175956589477003,0.8082455289721782,0.5350633859634399
13,1,27,-0.15527869768431007,1.5169534312236446,0.6412608623504639
13,1,28,-0.1313896672713393,1.604546542737871,0.5954082012176514
13,1,29,-0.2667608396115071,1.692139654252097,0.6648346781730652
13,1,30,-0.2508348193361932,1.7160286846650679,0.5962005853652954
13,1,31,0.05175956589477003,1.6841766441144401,0.7311195731163025
13,1,32,0.09953762672071159,1.7239916948027247,0.6858199238777161
13,2,0,-0.15789446347935113,-1.3973660017922573,0.999453604221344
13,2,1,-0.1263155707834809,-1.476313233531933,0.999403178691864
13,2,2,-0.11052612443554578,-1.476313233531933,0.999272346496582
13,2,3,-0.10263140126157823,-1.476313233531933,0.9993689656257628
13,2,4,-0.14210501713141602,-1.4684185103579654,0.9993948936462402
13,2,5,-0.14210501713141602,-1.4684185103579654,0.999267041683197
13,2,6,-0.14210501713141602,-1.476313233531933,0.9993858933448792
13,2,7,-0.05526306221777289,-1.4368396176620952,0.998521089553833
13,2,8,-0.10263140126157823,-1.4368396176620952,0.999316155910492
13,2,9,-0.14210501713141602,-1.3263134932265495,0.9990727305412292
13,2,10,-0.15789446347935113,-1.3263134932265495,0.9992085695266724
13,2,11,0.06315778539174045,-0.994735119919912,0.9992144703865052
13,2,12,-0.16578918665331868,-1.0026298430938796,0.9987266659736632
13,2,13,-0.09473667808761067,-0.5289464526558263,0.614463210105896
13,2,14,-0.16578918665331868,-0.4657886672640858,0.5702444314956665
13,2,15,0.007894723173967557,-0.8131564869186583,0.7623384594917297
13,2,16,-0.2684205879148969,-0.8447353796145285,0.6691533327102661
13,2,17,-0.007894723173967557,-0.8684195491364312,0.7606737017631531
13,2,18,-0.3473678196545725,-0.9078931650062689,0.6579158902168274
13,2,19,0.08684195491364312,-0.923682611354204,0.7621955871582031
13,2,20,-0.31578892695870225,-0.9710509503980094,0.6539120078086853
13,2,21,-0.02368416952190267,-0.9157878881802365,0.7490811944007874
13,2,22,-0.2526311415669618,-0.9473667808761067,0.6384052634239197
13,2,23,0.06315778539174045,-0.007894723173967557,0.9958351254463196
13,2,24,-0.06315778539174045,0.007894723173967557,0.9938915967941284
13,2,25,0.02368416952190267,0.8684195491364312,0.5921155214309692
13,2,26,0.02368416952190267,0.8921037186583338,0.5141355395317078
13,2,27,0.08684195491364312,1.7289443750988946,0.6672916412353516
13,2,28,0.11052612443554578,1.6736813128811219,0.5771780014038086
13,2,29,0.1815786330012538,1.9105230081001485,0.6857143044471741
13,2,30,0.17368390982728624,1.8078916068385702,0.5820351839065552
13,2,31,-0.213157525697124,1.9105230081001485,0.7482808828353882
13,2,32,-0.15789446347935113,1.8078916068385702,0.6759112477302551
14,1,0,0.15592018928939794,-1.3792939821754433,0.9994893074035645
14,1,1,0.12393656071721375,-1.4512571464628579,0.9994496703147888
14,1,2,0.12393656071721375,-1.4512571464628579,0.9993277192115784
14,1,3,0.12393656071721375,-1.4592530536059038,0.9994181394577026
14,1,4,0.0999488392880756,-1.4432612393198119,0.999432384967804
14,1,5,0.08395702500198352,-1.4432612393198119,0.999306857585907
14,1,6,0.05996930357284536,-1.4432612393198119,0.9994163513183594
14,1,7,0.03598158214370722,-1.4192735178906737,0.9986429810523988
14,1,8,-0.04397748928675327,-1.4032817036045815,0.999359667301178
14,1,9,0.15592018928939794,-1.307330817888029,0.9991421699523926
14,1,10,0.1319324678602598,-1.299334910744983,0.9992527961730956
14,1,11,0.10794474643112166,-1.0194781607383712,0.9992779493331908
14,1,12,-0.17191200357549005,-0.979498625023141,0.9988222718238832
14,1,13,0.18790381786158214,-0.5237319178695162,0.5909634828567505
14,1,14,0.09195293214502956,-0.45976466072514777,0.6108595728874207
14,1,15,0.41978512500991755,-0.8515641107344042,0.7722091674804688
14,1,16,0.19589972500462818,-0.9954904393092331,0.7004681825637817
14,1,17,0.5317278250125622,-0.8915436464496345,0.7687100768089294
14,1,18,0.20389563214767423,-1.0994372321688317,0.6883864998817444
14,1,19,0.5557155464417004,-0.9155313678787725,0.7702924609184265
14,1,20,0.1799079107185361,-1.1394167678840619,0.6842709183692932
14,1,21,0.48375238215428595,-0.9155313678787725,0.7563000917434692
14,1,22,0.163916096432444,-1.0994372321688317,0.6683244705200195
14,1,23,0.09195293214502956,-0.011993860714569073,0.9959447979927064
14,1,24,-0.09195293214502956,0.011993860714569073,0.9938836097717284
14,1,25,0.12393656071721375,0.7476173178748056,0.5478864908218384
14,1,26,-0.0039979535715230245,0.7875968535900358,0.5161133408546448
14,1,27,-0.1159406535741677,1.5072284964641802,0.6275996565818787
14,1,28,-0.13992837500330585,1.6191711964668247,0.5770161151885986
14,1,29,-0.2518710750059505,1.675142546468147,0.6519781351089478
14,1,30,-0.2518710750059505,1.7710934321846998,0.58563232421875
14,1,31,0.05996930357284536,1.627167103609871,0.7191803455352783
14,1,32,0.163916096432444,1.7391098036125157,0.6757833957672119
14,2,0,-0.14696812251927976,-1.3768592530753576,0.99953693151474
14,2,1,-0.13149779383303978,-1.4542108965065577,0.9995018243789672
14,2,2,-0.1160274651467998,-1.4542108965065577,0.9993918538093568
14,2,3,-0.10829230080367983,-1.4542108965065577,0.9994736909866332
14,2,4,-0.15470328686239973,-1.4542108965065577,0.9994856119155884
14,2,5,-0.16243845120551972,-1.4542108965065577,0.9993718266487122
14,2,6,-0.17017361554863972,-1.4619460608496775,0.9994709491729736
14,2,7,-0.0618813147449599,-1.4155350747909576,0.9987761974334716
14,2,8,-0.1237626294899198,-1.4232702391340777,0.9994168281555176
14,2,9,-0.13149779383303978,-1.3072427739872778,0.999221682548523
14,2,10,-0.16243845120551972,-1.3072427739872778,0.9993163347244264
14,2,11,0.05414615040183991,-0.9823658715762383,0.9993385672569276
14,2,12,-0.1856439442348797,-1.0133065289487184,0.9988463521003724
14,2,13,-0.08508680777431986,-0.5259911753321591,0.6312028169631958
14,2,14,-0.21658460160735965,-0.5182560109890392,0.5746475458145142
14,2,15,-0.09282197211743985,-0.8586032420863186,0.7937597632408142
14,2,16,-0.22431976595047962,-0.8895438994587985,0.6777447462081909
14,2,17,-0.13149779383303978,-0.9050142281450385,0.7892484664916992
14,2,18,-0.27846591635231954,-0.9591603785468784,0.6661050319671631
14,2,19,-0.046410986058719926,-0.9514252142037584,0.7905200123786926
14,2,20,-0.22431976595047962,-1.0133065289487184,0.6611760258674622
14,2,21,-0.03094065737247995,-0.9436900498606384,0.7768020033836365
14,2,22,-0.22431976595047962,-0.9978362002624783,0.6453499794006348
14,2,23,0.08508680777431986,0.0,0.9961769580841064
14,2,24,-0.08508680777431986,0.0,0.994253933429718
14,2,25,0.05414615040183991,0.7889867629982387,0.5827814936637878
14,2,26,-0.03867582171559993,0.8121922560275986,0.4965892434120178
14,2,27,0.03867582171559993,1.6475900050845573,0.6539011597633362
14,2,28,0.07735164343119987,1.5006218825652775,0.565714418888092
14,2,29,0.10055713646055983,1.833233949319437,0.6690998673439026
14,2,30,0.13923295817615977,1.802293291946957,0.5759831666946411
14,2,31,-0.2475252589798396,1.8796449353781568,0.7371224164962769
14,2,32,-0.05414615040183991,1.864174606691917,0.6712235808372498
15,1,0,0.1746798835090193,-1.3852520994552462,0.9995303750038148
15,1,1,0.13405665478599157,-1.4583739111566962,0.9995128512382508
15,1,2,0.13405665478599157,-1.4583739111566962,0.999401330947876
15,1,3,0.13405665478599157,-1.4583739111566962,0.9994807839393616
15,1,4,0.11780736329678047,-1.4583739111566962,0.9994818568229676
15,1,5,0.10155807180756937,-1.4583739111566962,0.9993615746498108
15,1,6,0.07718413457375273,-1.4583739111566962,0.9994608163833618
15,1,7,0.044685551595330525,-1.425875328178274,0.998820662498474
15,1,8,-0.020311614361513873,-1.4177506824336683,0.9994335770606996
15,1,9,0.15843059201980822,-1.3121302877537964,0.9992492198944092
15,1,10,0.13405665478599157,-1.3040056420091908,0.9993281960487366
15,1,11,0.07718413457375273,-1.0115183952033908,0.9993478059768676
15,1,12,-0.15030594627520266,-0.9871444579695743,0.9989367127418518
15,1,13,0.21530311223204707,-0.5484135877608746,0.5934087634086609
15,1,14,0.10155807180756937,-0.45904248457021357,0.6137277483940125
15,1,15,0.4102946101025803,-0.9221472920127299,0.762102484703064
15,1,16,0.3452974441457359,-0.954645874991152,0.706164538860321
15,1,17,0.5077903590378469,-0.9790198122249687,0.7539077997207642
15,1,18,0.4346685473363969,-1.0196430409479964,0.6917105317115784
15,1,19,0.4834164218040302,-1.0196430409479964,0.754877507686615
15,1,20,0.39404531861336917,-1.0846402069048409,0.6862941980361938
15,1,21,0.4346685473363969,-1.0033937494587855,0.7430470585823059
15,1,22,0.3534220898903414,-1.0602662696710243,0.6690950989723206
15,1,23,0.07718413457375273,-0.012186968616908324,0.9957581758499146
15,1,24,-0.07718413457375273,0.012186968616908324,0.993503987789154
15,1,25,0.15030594627520266,0.70278185690838,0.5335633158683777
15,1,26,0.028436260106119424,0.77590366860983,0.4735980033874511
15,1,27,-0.0040623228723027744,1.4177506824336683,0.5987433195114136
15,1,28,-0.08530878031835827,1.5477450143473572,0.5358380079269409
15,1,29,-0.08530878031835827,1.531495722858146,0.6184844970703125
15,1,30,-0.23155240372125815,1.7752350951963125,0.5548716187477112
15,1,31,0.13405665478599157,1.5721189515811738,0.6853528618812561
15,1,32,0.19092917499823042,1.7346118664732848,0.6426349878311157
15,2,0,-0.1038762616748741,-1.3244223363546448,0.9995707869529724
15,2,1,-0.06677759679099049,-1.398619666122412,0.9995561242103576
15,2,2,-0.05935786381421378,-1.398619666122412,0.9994548559188844
15,2,3,-0.04451839786066033,-1.398619666122412,0.9995274543762208
15,2,4,-0.08903679572132066,-1.398619666122412,0.9995269775390624
15,2,5,-0.08903679572132066,-1.398619666122412,0.9994165301322936
15,2,6,-0.09645652869809739,-1.4060393990991888,0.9995077848434448
15,2,7,-0.022259198930330164,-1.376360467192082,0.9989302158355712
15,2,8,-0.08161706274454394,-1.376360467192082,0.9994789958000184
15,2,9,-0.07419732976776722,-1.2576447395636543,0.9993078708648682
15,2,10,-0.09645652869809739,-1.2576447395636543,0.9993734359741212
15,2,11,0.05193813083743705,-0.997954085376469,0.9993937611579896
15,2,12,-0.3264682509781758,-0.9831146194229157,0.998925507068634
15,2,13,0.0,-0.5527701067698657,0.6332495212554932
15,2,14,-0.08161706274454394,-0.5008319759324287,0.5596765875816345
15,2,15,-0.23001172228007838,-0.9089172896551484,0.7841309905052185
15,2,16,-0.04451839786066033,-0.5676095727234192,0.6472407579421997
15,2,17,-0.3042090520478456,-0.9385962215622553,0.7753047347068787
15,2,18,-0.07419732976776722,-0.41179518021110806,0.6363396048545837
15,2,19,-0.2745301201407387,-0.997954085376469,0.7760958671569824
15,2,20,-0.05935786381421378,-0.45631357807176837,0.6317449808120728
15,2,21,-0.2448511882336318,-0.9905343523996923,0.7643665671348572
15,2,22,-0.02967893190710689,-0.4637333110485451,0.616484522819519
15,2,23,0.06677759679099049,-0.011129599465165082,0.9960602521896362
15,2,24,-0.06677759679099049,0.011129599465165082,0.9938684105873108
15,2,25,0.05193813083743705,0.6418069024911864,0.5583829283714294
15,2,26,0.02967893190710689,0.6714858343982933,0.4461587071418762
15,2,27,0.04451839786066033,1.4653972629134024,0.6216931939125061
15,2,28,0.07419732976776722,1.4282985980295189,0.5154426693916321
15,2,29,0.06677759679099049,1.5692735245882767,0.6419693827629089
15,2,30,-0.014839465953553444,1.5618537916114998,0.5396870374679565
15,2,31,-0.12613546060520428,1.6805695192399275,0.7042843699455261
15,2,32,-0.014839465953553444,1.5173353937508396,0.6301723718643188
16,1,0,0.1386750490563073,-1.3748640577868179,0.999560534954071
16,1,1,0.11490218350379747,-1.4461826544443475,0.9995567202568054
16,1,2,0.11490218350379747,-1.4461826544443475,0.9994467496871948
16,1,3,0.11490218350379747,-1.4461826544443475,0.9995298385620116
16,1,4,0.10697789498629419,-1.4382583659268442,0.9995246529579164
16,1,5,0.09112931795128765,-1.4382583659268442,0.9994063377380372
16,1,6,0.07528074091628109,-1.4382583659268442,0.9995089173316956
16,1,7,0.027735009811261455,-1.4224097888918377,0.9989311099052428
16,1,8,-0.019810721293758184,-1.406561211856831,0.9994860291481018
16,1,9,0.1386750490563073,-1.3114697496467917,0.9993189573287964
16,1,10,0.12282647202130073,-1.3035454611292885,0.9993888139724731
16,1,11,0.05150787536377128,-1.0103467859816673,0.9993124008178712
16,1,12,-0.1624479146088171,-0.9865739204291575,0.9989936947822572
16,1,13,0.18622078016132693,-0.5190408978964645,0.5898310542106628
16,1,14,0.08320502943378437,-0.4635708782739415,0.5998501777648926
16,1,15,0.3684794160639022,-0.8994067467366216,0.7589450478553772
16,1,16,0.32885797347638585,-0.8835581697016149,0.6790589094161987
16,1,17,0.4873437438264513,-0.9548767663591444,0.7504487037658691
16,1,18,0.41602514716892186,-0.9311039008066346,0.6664756536483765
16,1,19,0.47149516679144476,-0.9944982089466609,0.7508053183555603
16,1,20,0.3764037045814055,-0.9786496319116542,0.6615672707557678
16,1,21,0.41602514716892186,-0.9865739204291575,0.7384132146835327
16,1,22,0.3447065505113924,-0.9628010548766477,0.645064115524292
16,1,23,0.043583586846268,-0.003962144258751636,0.99575537443161
16,1,24,-0.043583586846268,0.003962144258751636,0.993431270122528
16,1,25,0.09905360646879091,0.7567695534215626,0.5207778811454773
16,1,26,0.027735009811261455,0.7884667074915757,0.4570068717002868
16,1,27,-0.15452362609131384,1.5412741166543866,0.5858438611030579
16,1,28,-0.09112931795128765,1.604668424794413,0.52215576171875
16,1,29,-0.24961508830135312,1.6759870214519423,0.6058165431022644
16,1,30,-0.2258422227488433,1.7473056181094717,0.5442533493041992
16,1,31,0.09112931795128765,1.6522141558994325,0.6772857308387756
16,1,32,0.20206935719633348,1.723532752556962,0.6346827745437622
16,2,0,-0.0456551070134571,-1.3392164723947415,0.999600112438202
16,2,1,-0.02282755350672855,-1.4153083174171701,0.999597668647766
16,2,2,-0.0076091845022428495,-1.4153083174171701,0.9994983077049256
16,2,3,0.0,-1.4153083174171701,0.9995737671852112
16,2,4,-0.03804592251121425,-1.4153083174171701,0.999567985534668
16,2,5,-0.03804592251121425,-1.4153083174171701,0.999460220336914
16,2,6,-0.0456551070134571,-1.4153083174171701,0.9995536208152772
16,2,7,-0.060873476017942796,-1.3924807639104415,0.99903404712677
16,2,8,-0.0913102140269142,-1.3848715794081987,0.9995297193527222
16,2,9,-0.02282755350672855,-1.270733811874556,0.9993758797645568
16,2,10,-0.03804592251121425,-1.270733811874556,0.9994331002235411
16,2,11,-0.053264291515699946,-1.0044123542960561,0.9993617534637452
16,2,12,-0.10652858303139989,-0.9891939852915704,0.998959481716156
16,2,13,0.053264291515699946,-0.5250337306547567,0.6296955943107605
16,2,14,-0.03804592251121425,-0.4945969926457852,0.5485091805458069
16,2,15,-0.14457450554261414,-0.8674470332556848,0.7795518636703491
16,2,16,-0.0456551070134571,-0.8902745867624134,0.6261925101280212
16,2,17,-0.22066635056504263,-0.9511480627803562,0.7690531015396118
16,2,18,-0.0760918450224285,-0.8522286642511991,0.6167123913764954
16,2,19,-0.1826204280538284,-0.9815848007893276,0.7691982984542847
16,2,20,-0.030436738008971398,-0.8902745867624134,0.6123042106628418
16,2,21,-0.14457450554261414,-0.9663664317848419,0.7565274238586426
16,2,22,-0.030436738008971398,-0.8750562177579277,0.5973233580589294
16,2,23,0.02282755350672855,0.0,0.9960437417030334
16,2,24,-0.02282755350672855,0.0,0.9938269257545472
16,2,25,0.060873476017942796,0.7685276347265279,0.5499131083488464
16,2,26,0.015218369004485699,0.7989643727354993,0.4366407990455627
16,2,27,-0.2739306420807426,1.719675697506884,0.6118548512458801
16,2,28,0.0913102140269142,1.6055379299732413,0.5100685954093933
16,2,29,-0.19022961255607124,1.871859387551741,0.6293581128120422
16,2,30,0.12174695203588559,1.818595096036041,0.5351259112358093
16,2,31,-0.11413776753364274,1.8566410185472553,0.6969828605651855
16,2,32,0.053264291515699946,1.8109859115337983,0.6277987360954285
17,1,0,0.1573815494856987,-1.3574158643141514,0.9996221661567688
17,1,1,0.1495124720114138,-1.4282375615827159,0.9996230602264404
17,1,2,0.1495124720114138,-1.436106639057001,0.9995269179344176
17,1,3,0.1495124720114138,-1.436106639057001,0.9995948672294616
17,1,4,0.13377431706284393,-1.4282375615827159,0.9995921850204468
17,1,5,0.11803616211427405,-1.4282375615827159,0.9994884729385376
17,1,6,0.10229800716570417,-1.4282375615827159,0.9995765089988708
17,1,7,0.06295261979427949,-1.412499406634146,0.9990866780281068
17,1,8,-0.007869077474284936,-1.3967612516855763,0.9995605945587158
17,1,9,0.16525062695998366,-1.294463244519872,0.9994065761566162
17,1,10,0.14164339453712885,-1.2865941670455872,0.999462068080902
17,1,11,0.02360723242285481,-1.0190455329198993,0.9993667602539062
17,1,12,-0.09442892969141924,-0.9797001455484746,0.9990434646606444
17,1,13,0.13377431706284393,-0.546900884462803,0.5797027945518494
17,1,14,0.0865598522171343,-0.46034103224566875,0.5906476378440857
17,1,15,0.3226321764456824,-0.8537949059599156,0.7527009844779968
17,1,16,0.30689402149711253,-0.8695330609084855,0.660814642906189
17,1,17,0.4406683385599564,-0.92461660322848,0.7441371083259583
17,1,18,0.42493018361138657,-0.9088784482799102,0.649623453617096
17,1,19,0.4327992610856715,-0.9639619905999047,0.7444708943367004
17,1,20,0.4091920286628167,-0.9718310680741896,0.6450755000114441
17,1,21,0.3855847962399619,-0.9560929131256197,0.7320201992988586
17,1,22,0.36197756381710705,-0.9639619905999047,0.6293033957481384
17,1,23,0.03934538737142468,-0.011803616211427405,0.9954777359962464
17,1,24,-0.03934538737142468,0.011803616211427405,0.9930540323257446
17,1,25,0.12590523958855898,0.688544278999932,0.5077329874038696
17,1,26,0.015738154948569873,0.7829732086913511,0.4301687479019165
17,1,27,-0.03934538737142468,1.3731540192627214,0.5657551288604736
17,1,28,-0.0865598522171343,1.5226664912741352,0.4935708045959472
17,1,29,-0.1101670846399891,1.4833211039027105,0.5891293287277222
17,1,30,-0.19672693685712342,1.7115243506569737,0.5248923301696777
17,1,31,0.13377431706284393,1.4518447940055708,0.6572210192680359
17,1,32,0.18885785938283847,1.664309885811264,0.6124580502510071
17,2,0,0.011392934470078848,-1.3215803985291463,0.9996553659439088
17,2,1,0.04177409305695578,-1.3899380053496195,0.9996572136878968
17,2,2,0.04936938270367501,-1.3975332949963388,0.99957013130188
17,2,3,0.06455996199711347,-1.3975332949963388,0.9996321201324464
17,2,4,0.01898822411679808,-1.3899380053496195,0.999628722667694
17,2,5,0.011392934470078848,-1.3899380053496195,0.9995333552360536
17,2,6,0.011392934470078848,-1.3899380053496195,0.9996137619018556
17,2,7,0.07975054129055194,-1.3823427157029002,0.9991745352745056
17,2,8,0.01898822411679808,-1.3671521364094619,0.9995959997177124
17,2,9,0.04177409305695578,-1.2608180813553926,0.999455749988556
17,2,10,0.01898822411679808,-1.2532227917086733,0.9995021224021912
17,2,11,0.11013169987742887,-1.0177688126603772,0.9994179606437684
17,2,12,-0.011392934470078848,-0.979792364426781,0.9990504384040833
17,2,13,0.06455996199711347,-0.5468608545637847,0.6205630898475647
17,2,14,0.04177409305695578,-0.4709079580965924,0.5374264717102051
17,2,15,-0.13291756881758657,-0.8278865714923963,0.7742055654525757
17,2,16,0.05696467235039424,-0.622813751030977,0.6060479283332825
17,2,17,-0.20887046528477887,-0.8886488886661502,0.7640780806541443
17,2,18,0.03417880341023655,-0.4936938270367501,0.598607063293457
17,2,19,-0.17089401705118273,-0.9266253368997464,0.7642291784286499
17,2,20,0.04936938270367501,-0.7671242543186424,0.5946075320243835
17,2,21,-0.1405128584643058,-0.9190300472530271,0.7515746355056763
17,2,22,0.08734583093727118,-0.7671242543186424,0.5805774927139282
17,2,23,0.12532227917086733,-0.007595289646719232,0.995819091796875
17,2,24,-0.12532227917086733,0.007595289646719232,0.9935417175292968
17,2,25,0.13291756881758657,0.7367430957317656,0.5319262146949768
17,2,26,-0.011392934470078848,0.8354818611391155,0.4067321419715881
17,2,27,0.05696467235039424,1.6937495912183889,0.5882899761199951
17,2,28,-0.13291756881758657,1.6481778533380733,0.4775699079036712
17,2,29,-0.0949411205839904,1.8152742255658965,0.6114956140518188
17,2,30,-0.011392934470078848,1.8456553841527734,0.512998640537262
17,2,31,-0.06455996199711347,1.8152742255658965,0.6746624708175659
17,2,32,0.08734583093727118,1.7772977773323004,0.5979534983634949
18,1,0,0.15829898398195108,-1.3622044147920527,0.9996724724769592
18,1,1,0.15829898398195108,-1.4288566185739269,0.9996763467788696
18,1,2,0.15829898398195108,-1.4371881440466612,0.9995942115783693
18,1,3,0.15829898398195108,-1.4371881440466612,0.9996481537818908
18,1,4,0.14163593303648253,-1.4288566185739269,0.9996458888053894
18,1,5,0.13330440756374828,-1.4288566185739269,0.9995568990707396
18,1,6,0.11664135661827973,-1.4288566185739269,0.9996311068534852
18,1,7,0.0749837292546084,-1.4205250931011926,0.9992223381996156
18,1,8,0.008331525472734268,-1.3955305166829897,0.9996250867843628
18,1,9,0.16663050945468533,-1.2955522110101785,0.9994929432868958
18,1,10,0.14163593303648253,-1.2872206855374442,0.9995376467704772
18,1,11,0.06665220378187414,-1.0206118704099476,0.999441921710968
18,1,12,-0.10830983114554547,-0.9789542430462764,0.9991377592086792
18,1,13,0.12497288209101401,-0.5123888165731574,0.5760868787765503
18,1,14,0.04165762736367133,-0.4124105109003462,0.5817911028862
18,1,15,0.3249294934366364,-0.7873291571733882,0.7359117865562439
18,1,16,0.30826644249116786,-0.7623345807551855,0.6429465413093567
18,1,17,0.44990237552765044,-0.8623128864279966,0.7253230810165405
18,1,18,0.4332393245821819,-0.7873291571733882,0.6335920691490173
18,1,19,0.44157085005491614,-0.9039705137916679,0.7259867191314697
18,1,20,0.41657627363671335,-0.8789759373734651,0.6295294165611267
18,1,21,0.39158169721851055,-0.8873074628461994,0.7152237892150879
18,1,22,0.36658712080030775,-0.8789759373734651,0.614936888217926
18,1,23,0.0749837292546084,-0.0124972882091014,0.9957186579704284
18,1,24,-0.0749837292546084,0.0124972882091014,0.9933618307113647
18,1,25,0.21661966229109095,0.7123454279187799,0.4939612150192261
18,1,26,0.016663050945468535,0.812323733591591,0.4012109637260437
18,1,27,0.11664135661827973,1.4371881440466612,0.5440310835838318
18,1,28,-0.09164678020007694,1.5704925516104093,0.4588014781475067
18,1,29,0.03332610189093707,1.5454979751922064,0.574249267578125
18,1,30,-0.1749620349274196,1.745454586537829,0.4963173866271972
18,1,31,0.29160339154569936,1.6038186535013463,0.6334738731384277
18,1,32,0.18329356040015388,1.7287915355923604,0.5777360796928406
18,2,0,0.03488345890174953,-1.32169549838851,0.9996957778930664
18,2,1,0.0658909779255269,-1.391462416192009,0.9997009038925172
18,2,2,0.07364285768147123,-1.3992142959479534,0.9996263384819032
18,2,3,0.08914661719335991,-1.3992142959479534,0.9996764063835144
18,2,4,0.04263533865769387,-1.391462416192009,0.999670684337616
18,2,5,0.04263533865769387,-1.391462416192009,0.9995871186256408
18,2,6,0.04263533865769387,-1.391462416192009,0.9996562600135804
18,2,7,0.1046503767052486,-1.3837105364360647,0.9992915391921996
18,2,8,0.04263533865769387,-1.3682067769241761,0.9996423721313475
18,2,9,0.0658909779255269,-1.2596804603409553,0.9995242953300476
18,2,10,0.04263533865769387,-1.2596804603409553,0.9995527863502502
18,2,11,0.12790601597308163,-1.0193721879066808,0.9994867444038392
18,2,12,-0.12015413621713728,-0.980612789126959,0.9990904331207277
18,2,13,0.09689849694930425,-0.546507522794076,0.6176451444625854
18,2,14,0.04263533865769387,-0.4534849657227439,0.5297342538833618
18,2,15,-0.0658909779255269,-0.8023195547402392,0.760749101638794
18,2,16,0.12790601597308163,-0.6317782001094637,0.5914797186851501
18,2,17,-0.12790601597308163,-0.8720864725437383,0.7498601675033569
18,2,18,0.12015413621713728,-0.546507522794076,0.5853980779647827
18,2,19,-0.09689849694930425,-0.91084587132346,0.7503381967544556
18,2,20,0.05813909816958255,-0.5775150418178534,0.5817462205886841
18,2,21,-0.07364285768147123,-0.8953421118115713,0.7395029067993164
18,2,22,0.22868045280035804,-0.7558082762045731,0.5686437487602234
18,2,23,0.02713157914580519,-0.01162781963391651,0.996002435684204
18,2,24,-0.02713157914580519,0.01162781963391651,0.993727445602417
18,2,25,0.13565789572902595,0.6240263203535193,0.5245823860168457
18,2,26,0.1434097754849703,0.7015451179129628,0.3819678425788879
18,2,27,0.13565789572902595,1.6007631696025062,0.5723433494567871
18,2,28,0.15116165524091463,1.4457255744836195,0.4478469789028168
18,2,29,0.1046503767052486,1.6240188088703393,0.5999614596366882
18,2,30,0.12015413621713728,1.5930112898465618,0.4874628782272339
18,2,31,0.03488345890174953,1.8488233217927252,0.6564040184020996
18,2,32,0.08139473743741557,1.7868082837451704,0.5729203820228577
19,1,0,0.16191014982082338,-1.355997504749396,0.9996902942657472
19,1,1,0.15381464232978223,-1.4288570721687663,0.999702513217926
19,1,2,0.15381464232978223,-1.4288570721687663,0.9996225237846376
19,1,3,0.15381464232978223,-1.4369525796598077,0.9996711611747742
19,1,4,0.1295281198566587,-1.4207615646777252,0.999670684337616
19,1,5,0.12143261236561755,-1.4207615646777252,0.9995851516723632
19,1,6,0.10524159738353521,-1.4207615646777252,0.9996601343154908
19,1,7,0.08095507491041169,-1.4207615646777252,0.9992793798446656
19,1,8,0.00809550749104117,-1.3964750422046017,0.9996580481529236
19,1,9,0.15381464232978223,-1.2912334448210665,0.999528169631958
19,1,10,0.1376236273476999,-1.2831379373300253,0.9995685815811156
19,1,11,0.08095507491041169,-1.0078906826346257,0.999477207660675
19,1,12,-0.12143261236561755,-0.9916996676525432,0.9991705417633056
19,1,13,0.11333710487457638,-0.5140647256811143,0.5655385851860046
19,1,14,-0.01619101498208234,-0.44930066575278493,0.5750240087509155
19,1,15,0.29953377716852325,-0.7083569054661023,0.7198824882507324
19,1,16,0.32382029964164677,-0.7164524129571435,0.6300584673881531
19,1,17,0.41287088204309963,-0.7002613979750612,0.7131885886192322
19,1,18,0.43715740451622315,-0.7002613979750612,0.6223770380020142
19,1,19,0.41287088204309963,-0.7569299504123493,0.7138071060180664
19,1,20,0.43715740451622315,-0.7488344429213082,0.6186034679412842
19,1,21,0.36429783709685265,-0.7650254579033905,0.7025727033615112
19,1,22,0.4047753745520585,-0.7974074878675552,0.6046965718269348
19,1,23,0.06476405992832936,-0.012143261236561755,0.9957343935966492
19,1,24,-0.06476405992832936,0.012143261236561755,0.9935886263847352
19,1,25,0.15381464232978223,0.7164524129571435,0.4881976544857025
19,1,26,0.00809550749104117,0.7974074878675552,0.393444299697876
19,1,27,-0.02428652247312351,1.4288570721687663,0.5353243350982666
19,1,28,-0.10524159738353521,1.5583851920254252,0.4458527266979217
19,1,29,-0.11333710487457638,1.5260031620612604,0.5691689252853394
19,1,30,-0.20238768727602924,1.7688683867924955,0.4837378561496734
19,1,31,0.1376236273476999,1.5340986695523016,0.6252423524856567
19,1,32,0.16191014982082338,1.744581864319372,0.570458710193634
19,2,0,-0.17498661213821157,-1.3561462440711398,0.9997189044952391
19,2,1,-0.16703267522283832,-1.4197777393941258,0.9997304081916808
19,2,2,-0.15907873830746508,-1.427731676309499,0.9996582865715028
19,2,3,-0.1511248013920918,-1.4356856132248723,0.9997023940086364
19,2,4,-0.17498661213821157,-1.4197777393941258,0.999701201915741
19,2,5,-0.18294054905358484,-1.4197777393941258,0.9996236562728882
19,2,6,-0.18294054905358484,-1.4197777393941258,0.9996915459632874
19,2,7,-0.11135511681522556,-1.4118238024787526,0.9993498921394348
19,2,8,-0.14317086447671856,-1.395915928648006,0.9996868968009948
19,2,9,-0.16703267522283832,-1.2845608118327805,0.999570608139038
19,2,10,-0.18294054905358484,-1.2845608118327805,0.9996029138565063
19,2,11,0.015907873830746506,-1.0061730197947165,0.9995241165161132
19,2,12,-0.13521692756134532,-0.9902651459639701,0.999173104763031
19,2,13,-0.06363149532298602,-0.5209828679569481,0.6081632971763611
19,2,14,-0.1511248013920918,-0.4573513726339621,0.5280932188034058
19,2,15,-0.08749330606910578,-0.7277852277566527,0.746122419834137
19,2,16,-0.15907873830746508,-0.7357391646720259,0.5909727215766907
19,2,17,-0.09544724298447904,-0.7277852277566527,0.7383989095687866
19,2,18,-0.23066417054582436,-0.8152785338257585,0.5869912505149841
19,2,19,-0.09544724298447904,-0.7834627861642655,0.7388168573379517
19,2,20,-0.13521692756134532,-0.8470942814872515,0.5827855467796326
19,2,21,-0.06363149532298602,-0.7914167230796387,0.7273650169372559
19,2,22,-0.1511248013920918,-0.8470942814872515,0.5692675709724426
19,2,23,0.04772362149223952,0.0039769684576866264,0.9960549473762512
19,2,24,-0.04772362149223952,-0.0039769684576866264,0.9940494298934937
19,2,25,0.03181574766149301,0.8550482184026248,0.5299927592277527
19,2,26,0.015907873830746506,0.8391403445718782,0.386235237121582
19,2,27,0.03976968457686627,1.714073405262936,0.5726205706596375
19,2,28,0.07953936915373254,1.5629486038708444,0.4500966966152191
19,2,29,0.12726299064597205,1.897013954316521,0.5981152057647705
19,2,30,0.14317086447671856,1.7936127744166688,0.4858559370040893
19,2,31,-0.2068023597997046,1.9208757650626407,0.6545970439910889
19,2,32,-0.11135511681522556,1.7856588375012954,0.5789235830307007
20,1,0,0.13743124028066284,-1.370270307504256,0.9997380971908568
20,1,1,0.1212628590711731,-1.434943832342215,0.9997510313987732
20,1,2,0.12934704967591795,-1.434943832342215,0.9996838569641112
20,1,3,0.1212628590711731,-1.4430280229469599,0.999724507331848
20,1,4,0.10509447786168334,-1.42685964173747,0.9997228980064392
20,1,5,0.0889260966521936,-1.42685964173747,0.999651312828064
20,1,6,0.07275771544270386,-1.42685964173747,0.9997146725654602
20,1,7,0.056589334233214106,-1.418775451132725,0.999400794506073
20,1,8,-0.024252571814234618,-1.4026070699232354,0.999713659286499
20,1,9,0.1212628590711731,-1.3055967826662969,0.9996069669723512
20,1,10,0.10509447786168334,-1.297512592061552,0.9996367692947388
20,1,11,0.07275771544270386,-0.9983975396859918,0.9995593428611756
20,1,12,-0.18593638390913209,-0.9983975396859918,0.999250590801239
20,1,13,0.2344415275376013,-0.5861038188440033,0.59392249584198
20,1,14,-0.07275771544270386,-0.4486725785633404,0.5744608640670776
20,1,15,0.36378857721351926,-0.6992824873104315,0.7446969747543335
20,1,16,0.25060990874709105,-0.8043769651721149,0.6307356357574463
20,1,17,0.4284621020514783,-0.7154508685199212,0.7305306196212769
20,1,18,0.34762019600402955,-0.8690504900100738,0.6252985000610352
20,1,19,0.40420953023724365,-0.7639560121483905,0.7300363779067993
20,1,20,0.33953600539928463,-0.925639824243288,0.6210266351699829
20,1,21,0.3880411490277539,-0.7720402027531353,0.7181224822998047
20,1,22,0.2991150523755603,-0.9094714430337982,0.6074463129043579
20,1,23,0.07275771544270386,-0.004042095302372436,0.9961549043655396
20,1,24,-0.07275771544270386,0.004042095302372436,0.9942155480384828
20,1,25,0.12934704967591795,0.7801243933578802,0.4927733242511749
20,1,26,0.0,0.8367137275910943,0.3905137181282043
20,1,27,-0.040420953023724365,1.491533166575429,0.5319482684135437
20,1,28,-0.11317866846642821,1.620880216251347,0.4433305859565735
20,1,29,-0.16168381209489746,1.620880216251347,0.5650656223297119
20,1,30,-0.20210476511862183,1.7906482189509894,0.4779102802276611
20,1,31,0.10509447786168334,1.6370485974608366,0.6181644797325134
20,1,32,0.1778521933043872,1.7663956471367548,0.5713960528373718
20,2,0,-0.23141703946305717,-1.3610459778589972,0.999761164188385
20,2,1,-0.19219381243542036,-1.4238031411032162,0.9997734427452089
20,2,2,-0.17650452162436564,-1.4238031411032162,0.9997128844261168
20,2,3,-0.1608152308133109,-1.4316477865087434,0.9997498393058776
20,2,4,-0.21572774865200242,-1.4159584956976887,0.9997474551200868
20,2,5,-0.21572774865200242,-1.4238031411032162,0.9996822476387024
20,2,6,-0.2235723940575298,-1.4238031411032162,0.9997395873069764
20,2,7,-0.09021342216356465,-1.4159584956976887,0.9994585514068604
20,2,8,-0.15297058540778355,-1.3924245594811067,0.9997350573539734
20,2,9,-0.2000384578409477,-1.2982888146147782,0.9996397495269777
20,2,10,-0.23141703946305717,-1.2982888146147782,0.9996601939201356
20,2,11,0.03530090432487312,-1.0001922892047386,0.9995971322059632
20,2,12,-0.20788310324647508,-0.9923476437992111,0.9992021918296814
20,2,13,-0.027456258919345763,-0.5295135648730969,0.6335899233818054
20,2,14,-0.20788310324647508,-0.45106711081782325,0.5287251472473145
20,2,15,-0.20788310324647508,-0.7256297000112809,0.7687174677848816
20,2,16,-0.24710633027411189,-0.7648529270389177,0.5940401554107666
20,2,17,-0.06667948594698257,-0.749163636227863,0.7545906901359558
20,2,18,-0.3647760113570223,-0.835454735688664,0.5918362140655518
20,2,19,-0.08236877675803729,-0.8197654448776093,0.7540065050125122
20,2,20,-0.30986349351833076,-0.8903672535273555,0.5870214700698853
20,2,21,-0.1608152308133109,-0.8197654448776093,0.7419495582580566
20,2,22,-0.2392616848685845,-0.8668333173107734,0.5738362073898315
20,2,23,0.05099019513592785,-0.011766968108291042,0.9964351654052734
20,2,24,-0.05099019513592785,0.011766968108291042,0.9945857524871826
20,2,25,0.027456258919345763,0.835454735688664,0.5324897766113281
20,2,26,0.00392232270276368,0.8432993810941913,0.3793040215969085
20,2,27,0.03530090432487312,1.6983657302966737,0.5687621235847473
20,2,28,0.09805806756909202,1.5414728221861265,0.4449902772903442
20,2,29,0.10590271297461938,1.8631032838127484,0.5924667119979858
20,2,30,0.1608152308133109,1.7846568297574747,0.4781456887722015
20,2,31,-0.2627956210851666,1.941549737868022,0.6473378539085388
20,2,32,-0.1215920037856741,1.816035411379584,0.5768958926200867
21,1,0,0.1712949050407825,-1.3912488628922093,0.9997679591178894
21,1,1,0.1629390560144029,-1.466451504129626,0.9997819066047668
21,1,2,0.1629390560144029,-1.466451504129626,0.9997227191925048
21,1,3,0.1629390560144029,-1.466451504129626,0.9997585415840148
21,1,4,0.13787150893526398,-1.4580956551032465,0.9997537732124328
21,1,5,0.12115981088250471,-1.4580956551032465,0.999689757823944
21,1,6,0.0960922638033658,-1.4580956551032465,0.9997465014457704
21,1,7,0.07938056575060654,-1.4413839570504872,0.9994829893112184
21,1,8,-0.02088962256594909,-1.4163164099713481,0.9997501969337464
21,1,9,0.1880066030935418,-1.324402070681172,0.9996632933616638
21,1,10,0.15458320698802325,-1.324402070681172,0.9996838569641112
21,1,11,0.07938056575060654,-0.9985239586523664,0.9996258020401
21,1,12,-0.1880066030935418,-0.9985239586523664,0.9992764592170716
21,1,13,0.24649754627819925,-0.5389522622014865,0.6178657412528992
21,1,14,-0.08773641477698617,-0.4303262248585512,0.5753507614135742
21,1,15,0.4052586777794123,-0.6977133937026996,0.769943118095398
21,1,16,0.24649754627819925,-0.7979835820192551,0.6339663863182068
21,1,17,0.5138847151223476,-0.7060692427290792,0.7507127523422241
21,1,18,0.3551235836211345,-0.8648303742302923,0.6306968927383423
21,1,19,0.5222405641487272,-0.756204336887357,0.7498328685760498
21,1,20,0.34676773459475485,-0.9233213174149497,0.6260256767272949
21,1,21,0.46374962096406974,-0.7812718839664959,0.7372742295265198
21,1,22,0.3133443384892363,-0.9066096193621904,0.612901508808136
21,1,23,0.10444811282974543,-0.004177924513189817,0.9964948296546936
21,1,24,-0.10444811282974543,0.004177924513189817,0.9946873784065248
21,1,25,0.19636245211992143,0.7394926388345977,0.4997512698173523
21,1,26,-0.012533773539569453,0.8314069781247737,0.3898320496082306
21,1,27,0.06266886769784727,1.4497398060768667,0.5323136448860168
21,1,28,-0.14622735796164363,1.5834333904989408,0.4404614865779876
21,1,29,-0.02088962256594909,1.5667216924461815,0.5629736185073853
21,1,30,-0.2130741501726807,1.742194522000154,0.4682361185550689
21,1,31,0.22978584822543996,1.6168567866044594,0.6145712733268738
21,1,32,0.06266886769784727,1.7338386729737743,0.5709167122840881
21,2,0,-0.17251512209243583,-1.3762873073596547,0.9997875690460204
21,2,1,-0.14184576705378057,-1.4376260174369653,0.9998005032539368
21,2,2,-0.13417842829411675,-1.4376260174369653,0.9997470378875732
21,2,3,-0.12651108953445295,-1.445293356196629,0.9997797012329102
21,2,4,-0.164847783332772,-1.4299586786773013,0.9997743964195251
21,2,5,-0.17251512209243583,-1.4299586786773013,0.99971604347229
21,2,6,-0.18018246085209963,-1.4299586786773013,0.9997674822807312
21,2,7,-0.07283971821680624,-1.4069566623983099,0.9995316863059998
21,2,8,-0.14184576705378057,-1.399289323638646,0.9997662305831908
21,2,9,-0.14951310581344437,-1.3149485972823443,0.9996888041496276
21,2,10,-0.17251512209243583,-1.3072812585226803,0.9996994733810424
21,2,11,0.049837701937814796,-0.9852530306168001,0.9996548891067504
21,2,12,-0.21085181589075488,-1.0082550468957916,0.9992322325706482
21,2,13,-0.0038336693798319073,-0.5328800437966351,0.6554262638092041
21,2,14,-0.2261864934100825,-0.4715413337193246,0.534105122089386
21,2,15,-0.07283971821680624,-0.7398981903075581,0.7918879389762878
21,2,16,-0.2261864934100825,-0.7935695616252048,0.6021220684051514
21,2,17,-0.011501008139495722,-0.7552328678268857,0.773419976234436
21,2,18,-0.3105272197663845,-0.8549082717025153,0.6004070043563843
21,2,19,0.08817439573613386,-0.8242389166638601,0.7725026607513428
21,2,20,-0.25685584844873777,-0.908579643020162,0.595120906829834
21,2,21,0.04217036317815098,-0.8319062554235238,0.76007080078125
21,2,22,-0.24152117092941017,-0.8932449655008344,0.5825062394142151
21,2,23,0.08817439573613386,-0.011501008139495722,0.9966909885406494
21,2,24,-0.08817439573613386,0.011501008139495722,0.9949703812599182
21,2,25,0.05750504069747861,0.7092288352689028,0.5392135381698608
21,2,26,-0.03450302441848716,0.747565529067222,0.3775371313095093
21,2,27,0.1111764120151253,1.4606280337159567,0.5682902336120605
21,2,28,0.04217036317815098,1.4222913399176376,0.4429455399513244
21,2,29,0.17251512209243583,1.6676461802268796,0.5915192365646362
21,2,30,0.11884375077478912,1.6216421476688967,0.470886766910553
21,2,31,-0.14184576705378057,1.7596542453428454,0.6442349553108215
21,2,32,-0.14951310581344437,1.690648196505871,0.5786205530166626
22,1,0,0.17705126449440386,-1.3882428693311213,0.9997422695159912
22,1,1,0.1609556949949126,-1.4526251473290863,0.999748468399048
22,1,2,0.15290791024516698,-1.460672932078832,0.9996729493141174
22,1,3,0.15290791024516698,-1.460672932078832,0.9997311234474182
22,1,4,0.13681234074567572,-1.4526251473290863,0.9997091889381408
22,1,5,0.11266898649643883,-1.4526251473290863,0.9996219277381896
22,1,6,0.09657341699694758,-1.4526251473290863,0.9996829032897948
22,1,7,0.06438227799796505,-1.4284817930798495,0.9994490146636964
22,1,8,-0.01609556949949126,-1.4123862235803581,0.99965500831604
22,1,9,0.18509904924414952,-1.3158128065834107,0.9996453523635864
22,1,10,0.15290791024516698,-1.3158128065834107,0.9996443390846252
22,1,11,0.07243006274771067,-0.9939014165935854,0.999671220779419
22,1,12,-0.20119461874364078,-1.001949201343331,0.9992774724960328
22,1,13,0.18509904924414952,-0.5190821163585931,0.630767822265625
22,1,14,-0.06438227799796505,-0.46274762311037376,0.5793049335479736
22,1,15,0.45872373073550093,-0.6800378113535058,0.800489604473114
22,1,16,0.2092424034933864,-0.9214713538458748,0.641319215297699
22,1,17,0.587488286731431,-0.6639422418540145,0.7807886004447937
22,1,18,0.30581582049033396,-1.026092555592568,0.6391299962997437
22,1,19,0.6196794257304136,-0.7041811656027427,0.7805323004722595
22,1,20,0.29776803574058835,-1.0663314793412961,0.6341537833213806
22,1,21,0.5633449324821942,-0.720276735102234,0.767223060131073
22,1,22,0.2575291119918602,-1.0421881250920593,0.6216304898262024
22,1,23,0.1046212017466932,-0.004023892374872815,0.996466338634491
22,1,24,-0.1046212017466932,0.004023892374872815,0.9944609999656676
22,1,25,0.1609556949949126,0.7122289503524883,0.4993169605731964
22,1,26,0.00804778474974563,0.7766112283504534,0.3750048875808716
22,1,27,0.00804778474974563,1.4123862235803581,0.5277079939842224
22,1,28,-0.07243006274771067,1.5250552100767971,0.4308893084526062
22,1,29,-0.07243006274771067,1.5331029948265427,0.560674250125885
22,1,30,-0.2092424034933864,1.7262498288204378,0.4618651866912842
22,1,31,0.2092424034933864,1.5652941338255253,0.6093569993972778
22,1,32,0.1609556949949126,1.6860109050717096,0.5638675689697266
22,2,0,-0.20662940586537468,-1.3652300030390827,0.9997586011886596
22,2,1,-0.1771109193131783,-1.4316465977815245,0.9997652173042296
22,2,2,-0.1771109193131783,-1.4316465977815245,0.9996971487998962
22,2,3,-0.1697312976751292,-1.4316465977815245,0.999750316143036
22,2,4,-0.19187016258927647,-1.4242669761434754,0.99972665309906
22,2,5,-0.19187016258927647,-1.4242669761434754,0.9996469616889954
22,2,6,-0.1992497842273256,-1.4242669761434754,0.9997027516365052
22,2,7,-0.1328331894848837,-1.38736886795323,0.9994968175888062
22,2,8,-0.18449054095122738,-1.394748489591279,0.9996656775474548
22,2,9,-0.18449054095122738,-1.30619302993469,0.9996632933616638
22,2,10,-0.20662940586537468,-1.30619302993469,0.9996435046195984
22,2,11,0.007379621638049096,-0.9814896778605297,0.9996955394744872
22,2,12,-0.25090713569366924,-1.003628542774677,0.99917870759964
22,2,13,-0.05165735146634367,-0.5018142713873385,0.6666932106018066
22,2,14,-0.25090713569366924,-0.5165735146634367,0.5350469946861267
22,2,15,0.0,-0.7305825421668605,0.8191967010498047
22,2,16,-0.3173237304361111,-0.8855545965658914,0.6106240749359131
22,2,17,-0.1328331894848837,-0.7158232988907622,0.8003236651420593
22,2,18,-0.3984995684546512,-0.9445915696702842,0.6112738847732544
22,2,19,-0.07379621638049096,-0.7748602719951551,0.7999696135520935
22,2,20,-0.38374032517855294,-1.0183877860507753,0.6062691807746887
22,2,21,0.007379621638049096,-0.7822398936332041,0.7867181301116943
22,2,22,-0.3468422169883075,-1.0257674076888244,0.593644917011261
22,2,23,0.059036973104392765,-0.007379621638049096,0.9966824054718018
22,2,24,-0.059036973104392765,0.007379621638049096,0.9947298765182496
22,2,25,0.029518486552196382,0.6715455690624677,0.5336232781410217
22,2,26,-0.007379621638049096,0.6789251907005168,0.3560751676559448
22,2,27,0.007379621638049096,1.6013778954566538,0.5629600286483765
22,2,28,0.044277729828294574,1.542340922352261,0.4274616837501526
22,2,29,0.06641659474244185,1.689933355113243,0.5854429006576538
22,2,30,0.08117583801854004,1.6677944901990955,0.4609379470348358
22,2,31,-0.21400902750342377,1.7563499498556847,0.6387559771537781
22,2,32,-0.11807394620878553,1.689933355113243,0.5693552494049072
23,1,0,0.18385624449530666,-1.3769659162201688,0.9994880557060242
23,1,1,0.17603257451678297,-1.4473789460268822,0.9994834661483764
23,1,2,0.17603257451678297,-1.4473789460268822,0.9993304014205932
23,1,3,0.16820890453825926,-1.4473789460268822,0.999514639377594
23,1,4,0.16038523455973558,-1.4395552760483585,0.9993880987167358
23,1,5,0.1447378946026882,-1.4395552760483585,0.9991576075553894
23,1,6,0.12909055464564084,-1.4395552760483585,0.9992608428001404
23,1,7,0.08214853477449871,-1.4160842661127875,0.9990708231925964
23,1,8,0.011735504967785531,-1.4082605961342638,0.9990619421005248
23,1,9,0.19167991447383034,-1.3143765563919794,0.9994466304779052
23,1,10,0.17603257451678297,-1.3065528864134557,0.9993717074394226
23,1,11,0.03520651490335659,-1.001429757251032,0.9996961951255798
23,1,12,-0.17603257451678297,-0.9936060872725083,0.9991958141326904
23,1,13,0.19167991447383034,-0.5163622185825634,0.6393797397613525
23,1,14,-0.011735504967785531,-0.4694201987114212,0.5794044733047485
23,1,15,0.5124503835933015,-0.7041302980671319,0.8265812397003174
23,1,16,0.17603257451678297,-0.9388403974228424,0.6489382982254028
23,1,17,0.6298054332711568,-0.6884829581100844,0.8076707720756531
23,1,18,0.2073272544308777,-1.0405481071436504,0.6490017771720886
23,1,19,0.6532764432067278,-0.7197776380241793,0.8079298138618469
23,1,20,0.19167991447383034,-1.0874901270147925,0.6443305611610413
23,1,21,0.6141580933141094,-0.7354249779812266,0.7944333553314209
23,1,22,0.17603257451678297,-1.0640191170792215,0.6317697167396545
23,1,23,0.08997220475302241,-0.007823669978523688,0.9961695671081544
23,1,24,-0.08997220475302241,0.007823669978523688,0.9934566617012024
23,1,25,0.19950358445235403,0.6963066280886081,0.4964621961116791
23,1,26,-0.019559174946309217,0.7119539680456556,0.362604409456253
23,1,27,-0.05085385486040397,1.3926132561772162,0.5254420042037964
23,1,28,-0.10561954471006978,1.5334393157906427,0.4278474450111389
23,1,29,-0.1447378946026882,1.4943209658980243,0.5567814707756042
23,1,30,-0.2073272544308777,1.6899127153611164,0.4647997915744781
23,1,31,0.10561954471006978,1.4864972959195006,0.6096250414848328
23,1,32,0.16820890453825926,1.6586180354470217,0.5656201243400574
23,2,0,-0.2167607180221244,-1.3528858607587764,0.9995316863059998
23,2,1,-0.18686268795010724,-1.4276309359388193,0.9995283484458924
23,2,2,-0.17938818043210294,-1.4276309359388193,0.9993905425071716
23,2,3,-0.17191367291409865,-1.4351054434568236,0.999557077884674
23,2,4,-0.19433719546811154,-1.420156428420815,0.9994403123855592
23,2,5,-0.19433719546811154,-1.420156428420815,0.99923175573349
23,2,6,-0.2018117029861158,-1.420156428420815,0.9993255138397216
23,2,7,-0.12706662780607292,-1.390258398348798,0.9991570711135864
23,2,8,-0.17191367291409865,-1.390258398348798,0.9991369843482972
23,2,9,-0.19433719546811154,-1.3080388156507508,0.9994864463806152
23,2,10,-0.2092862105041201,-1.3005643081327465,0.9994023442268372
23,2,11,0.00747450751800429,-0.9941094998945705,0.9997113943099976
23,2,12,-0.22423522554012867,-0.9941094998945705,0.9990640878677368
23,2,13,-0.08969409021605147,-0.47836848115227454,0.6744604706764221
23,2,14,-0.23170973305813297,-0.4858429886702788,0.5369846820831299
23,2,15,-0.14949015036008578,-0.725027229246416,0.8425924181938171
23,2,16,-0.3587763608642059,-0.9193644247145276,0.6199667453765869
23,2,17,-0.26908227064815443,-0.7325017367644204,0.8242666125297546
23,2,18,-0.44847045108025735,-0.9941094998945705,0.6207079291343689
23,2,19,-0.22423522554012867,-0.7848232893904504,0.824394702911377
23,2,20,-0.4260469285262445,-1.0688545750746135,0.6158483624458313
23,2,21,-0.17938818043210294,-0.7922977969084547,0.8110218048095703
23,2,22,-0.39614889845422735,-1.0464310525206006,0.6030713319778442
23,2,23,0.07474507518004289,-0.00747450751800429,0.9963253736495972
23,2,24,-0.07474507518004289,0.00747450751800429,0.9937352538108826
23,2,25,0.06727056766203861,0.7698742743544418,0.5354542136192322
23,2,26,-0.09716859773405577,0.7399762442824247,0.3535085022449493
23,2,27,0.07474507518004289,1.6219681314069307,0.561532735824585
23,2,28,-0.01494901503600858,1.5472230562268878,0.43085578083992
23,2,29,0.14949015036008578,1.7639837742490123,0.5827940106391907
23,2,30,0.05232155262603003,1.7415602516949995,0.4667789041996002
23,2,31,-0.2167607180221244,1.7864072968030251,0.6384210586547852
23,2,32,-0.23170973305813297,1.7639837742490123,0.5728554725646973
24,1,0,0.17717610057790184,-1.377141509037328,0.9995447397232056
24,1,1,0.1691226414607245,-1.4496226410919242,0.9995535016059875
24,1,2,0.1691226414607245,-1.4496226410919242,0.9994216561317444
24,1,3,0.16106918234354714,-1.4496226410919242,0.9995775818824768
24,1,4,0.15301572322636978,-1.441569181974747,0.9994666576385498
24,1,5,0.13690880499201508,-1.441569181974747,0.9992662668228148
24,1,6,0.12080188675766035,-1.4496226410919242,0.9993572235107422
24,1,7,0.08053459117177357,-1.4254622637403922,0.9991932511329652
24,1,8,0.008053459117177357,-1.4174088046232147,0.9991997480392456
24,1,9,0.1852295596950792,-1.3207672952170866,0.9995155334472656
24,1,10,0.1691226414607245,-1.312713836099909,0.99944007396698
24,1,11,0.06442767293741886,-1.0066823896471697,0.9997179508209229
24,1,12,-0.1691226414607245,-0.9905754714128149,0.9991419911384584
24,1,13,0.2577106917496754,-0.5717955973195923,0.6508943438529968
24,1,14,0.0,-0.44294025144475463,0.5817857384681702
24,1,15,0.44294025144475463,-0.8133993708349131,0.8331114649772644
24,1,16,0.2657641508668528,-0.8939339620066866,0.6563276648521423
24,1,17,0.5073679243821735,-0.8053459117177357,0.8116753101348877
24,1,18,0.3462987420386264,-0.9905754714128149,0.6550059914588928
24,1,19,0.4993144652649961,-0.8375597481864451,0.8115445971488953
24,1,20,0.3140849055699169,-1.0550031443502337,0.6501021385192871
24,1,21,0.4671006287962867,-0.8536666664207998,0.7984950542449951
24,1,22,0.2899245282183848,-1.0227893078815242,0.6364612579345703
24,1,23,0.08053459117177357,-0.008053459117177357,0.9962195754051208
24,1,24,-0.08053459117177357,0.008053459117177357,0.9936062693595886
24,1,25,0.12080188675766035,0.7731320752490263,0.5039605498313904
24,1,26,-0.0724811320545962,0.789238993483381,0.3731614351272583
24,1,27,-0.0724811320545962,1.4576761002091017,0.5315746068954468
24,1,28,-0.16106918234354714,1.6429056599041807,0.4439716339111328
24,1,29,-0.16106918234354714,1.5623710687324073,0.5612068772315979
24,1,30,-0.24965723263249806,1.803974842247728,0.4786794483661651
24,1,31,0.08858805028895092,1.578477986966762,0.6184835433959961
24,1,32,0.112748427640483,1.7637075466618413,0.5828999876976013
24,2,0,-0.1646048329578695,-1.3589468767452018,0.999585509300232
24,2,1,-0.1646048329578695,-1.42785122542524,0.999594271183014
24,2,2,-0.1646048329578695,-1.4355072641674667,0.9994753003120422
24,2,3,-0.156948794215643,-1.4355072641674667,0.999616265296936
24,2,4,-0.17991691044232247,-1.42785122542524,0.999514937400818
24,2,5,-0.19522898792677545,-1.4355072641674667,0.9993335008621216
24,2,6,-0.20288502666900193,-1.4355072641674667,0.9994161128997804
24,2,7,-0.11101256176228408,-1.4125391479407872,0.9992696046829224
24,2,8,-0.156948794215643,-1.4125391479407872,0.99927020072937
24,2,9,-0.156948794215643,-1.2976985668073897,0.999553680419922
24,2,10,-0.172260871700096,-1.2976985668073897,0.999478280544281
24,2,11,0.01914009685556622,-0.9914570171183302,0.9997348785400392
24,2,12,-0.1033565230200576,-1.0067690946027832,0.9990977644920348
24,2,13,-0.057420290566698666,-0.5091265763580615,0.6849951148033142
24,2,14,-0.12632463924673706,-0.45553430516247606,0.5310168862342834
24,2,15,-0.20288502666900193,-0.830680203531574,0.8482164740562439
24,2,16,-0.19522898792677545,-0.6622473512025913,0.6057475209236145
24,2,17,-0.33303768528685224,-0.845992281016027,0.8274181485176086
24,2,18,-0.172260871700096,-0.6928715061714972,0.6074265837669373
24,2,19,-0.2947574915757198,-0.8766164359849329,0.8271682262420654
24,2,20,-0.20288502666900193,-0.5397507313269674,0.6029613018035889
24,2,21,-0.25647729786458734,-0.8842724747271594,0.8141959309577942
24,2,22,-0.18757294918454898,-0.532094692584741,0.5907112956047058
24,2,23,0.04210821308224569,-0.003828019371113244,0.9964481592178344
24,2,24,-0.04210821308224569,0.003828019371113244,0.993930995464325
24,2,25,-0.011484058113339732,0.800056048562668,0.5370588898658752
24,2,26,-0.049764251824472173,0.7770879323359886,0.3578138053417206
24,2,27,0.057420290566698666,1.6575323876920347,0.5637406706809998
24,2,28,0.07273236805115164,1.5273797290741844,0.4376907646656036
24,2,29,0.12632463924673706,1.7800290075676586,0.5867555141448975
24,2,30,0.12632463924673706,1.6498763489498083,0.4730703830718994
24,2,31,-0.2335091816379079,1.8565893949899235,0.6438977122306824
24,2,32,-0.11866860050451057,1.7494048525987527,0.5804550647735596
25,1,0,0.23254241924287708,-1.3526217385960684,0.9995760917663574
25,1,1,0.20928817731858937,-1.4223844643689314,0.999598503112793
25,1,2,0.20928817731858937,-1.4223844643689314,0.9994853734970092
25,1,3,0.2015367633438268,-1.430135878343694,0.9996126294136048
25,1,4,0.2015367633438268,-1.4223844643689314,0.9995166063308716
25,1,5,0.18603393539430166,-1.4223844643689314,0.9993440508842468
25,1,6,0.1705311074447765,-1.4223844643689314,0.999423086643219
25,1,7,0.1240226235962011,-1.4068816364194063,0.9992727041244508
25,1,8,0.08526555372238825,-1.3991302224446438,0.9993163347244264
25,1,9,0.2247910052681145,-1.2906104267979677,0.999563992023468
25,1,10,0.20928817731858937,-1.2906104267979677,0.999502182006836
25,1,11,0.06976272577286312,-1.0038081097317526,0.9997223615646362
25,1,12,-0.046508483848575415,-0.9960566957569901,0.999180257320404
25,1,13,0.1550282794952514,-0.5154690293217108,0.6278640627861023
25,1,14,0.05425989782333798,-0.42245206162456,0.5764750242233276
25,1,15,0.36431645681384073,-0.8022713463879259,0.7939132452011108
25,1,16,0.36431645681384073,-0.7557628625393504,0.643071711063385
25,1,17,0.4960904943848044,-0.817774174337451,0.7775900959968567
25,1,18,0.4960904943848044,-0.7867685184384008,0.6423066258430481
25,1,19,0.4805876664352793,-0.8565312442112639,0.7778290510177612
25,1,20,0.4805876664352793,-0.817774174337451,0.6376669406890869
25,1,21,0.43407918258670386,-0.872034072160789,0.7670459747314453
25,1,22,0.44183059656146645,-0.8255255883122136,0.6243745684623718
25,1,23,0.046508483848575415,-0.011627120962143854,0.9960589408874512
25,1,24,-0.046508483848575415,0.011627120962143854,0.9934606552124025
25,1,25,0.10851979564667597,0.7015029647160125,0.5010361671447754
25,1,26,0.007751413974762569,0.7712656904888756,0.3748491704463959
25,1,27,-0.046508483848575415,1.3681245665455934,0.5300081968307495
25,1,28,-0.1550282794952514,1.5696613298894202,0.444931298494339
25,1,29,-0.16277969347001395,1.4921471901417946,0.5612639784812927
25,1,30,-0.24029383321763964,1.678181125536096,0.4850572347640991
25,1,31,0.11627120962143854,1.5154014320660822,0.6184535026550293
25,1,32,0.1472768655204888,1.662678297586571,0.584396243095398
25,2,0,-0.02305987326072264,-1.3528458979623947,0.999610424041748
25,2,1,0.00768662442024088,-1.4297121421648036,0.9996321201324464
25,2,2,0.02305987326072264,-1.4297121421648036,0.9995297789573668
25,2,3,0.03074649768096352,-1.4373987665850445,0.9996453523635864
25,2,4,-0.00768662442024088,-1.4220255177445627,0.999557077884674
25,2,5,-0.00768662442024088,-1.4220255177445627,0.999399721622467
25,2,6,-0.00768662442024088,-1.4297121421648036,0.9994727373123168
25,2,7,0.08455286862264967,-1.406652268904081,0.9993385672569276
25,2,8,0.0384331221012044,-1.406652268904081,0.9993686676025392
25,2,9,0.01537324884048176,-1.2913529026004678,0.9995903968811036
25,2,10,-0.00768662442024088,-1.2913529026004678,0.9995225667953492
25,2,11,0.13835923956433582,-0.9992611746313144,0.9997325539588928
25,2,12,-0.06149299536192704,-0.9992611746313144,0.9991359114646912
25,2,13,0.06917961978216791,-0.5226904605763798,0.6634494066238403
25,2,14,0.00768662442024088,-0.4535108407942119,0.5290481448173523
25,2,15,-0.16910573724529934,-0.7917223152848106,0.8102032542228699
25,2,16,-0.11529936630361319,-0.760975817603847,0.597690761089325
25,2,17,-0.23828535702746725,-0.8147821885455332,0.7923892140388489
25,2,18,-0.12298599072385408,-0.7994089397050514,0.5980481505393982
25,2,19,-0.20753885934650373,-0.8609019350669785,0.7924560308456421
25,2,20,-0.09992611746313143,-0.8378420618062559,0.5931578874588013
25,2,21,-0.17679236166554024,-0.8609019350669785,0.780609667301178
25,2,22,-0.09223949304289056,-0.8301554373860149,0.5802652835845947
25,2,23,0.10761274188337232,-0.00768662442024088,0.9962741732597352
25,2,24,-0.10761274188337232,0.00768662442024088,0.9938143491744996
25,2,25,0.1537324884048176,0.8070955641252924,0.5313724875450134
25,2,26,0.03074649768096352,0.8455286862264968,0.3623619973659515
25,2,27,0.06917961978216791,1.7448637433946796,0.5604435801506042
25,2,28,-0.23059873260722638,1.6679974991922708,0.4382268786430359
25,2,29,-0.0768662442024088,1.913969480639979,0.5914551019668579
25,2,30,-0.06149299536192704,1.8678497341185338,0.4807397127151489
25,2,31,-0.06917961978216791,1.8678497341185338,0.644262969493866
25,2,32,0.0384331221012044,1.7756102410756431,0.5812070965766907
26,1,0,0.21062904908591892,-1.3327074378527235,0.9996066093444824
26,1,1,0.18765133464018233,-1.4016405811899333,0.9996344447135924
26,1,2,0.19531057278876118,-1.4016405811899333,0.99952894449234
26,1,3,0.19531057278876118,-1.4092998193385122,0.9996373653411864
26,1,4,0.1646736201944457,-1.4016405811899333,0.9995620846748352
26,1,5,0.1723328583430246,-1.4016405811899333,0.9994059205055236
26,1,6,0.1646736201944457,-1.4016405811899333,0.9994847178459167
26,1,7,0.1416959057487091,-1.3863221048927756,0.9993116855621338
26,1,8,0.09574047685723588,-1.3710036285956178,0.9994036555290222
26,1,9,0.17999209649160344,-1.2714335326640924,0.9995768070220948
26,1,10,0.1646736201944457,-1.2714335326640924,0.9995341897010804
26,1,11,0.0651035242629204,-1.0186786737609899,0.999689280986786
26,1,12,-0.003829619074289435,-0.9803824830180954,0.9992080926895142
26,1,13,0.1416959057487091,-0.5514651466976787,0.6045905351638794
26,1,14,0.07276276241149927,-0.42125809817183785,0.5741578340530396
26,1,15,0.38679152650323295,-0.7965607674522025,0.7604842185974121
26,1,16,0.3714730502060752,-0.7659238148578871,0.6355271339416504
26,1,17,0.5323170513262315,-0.8042200056007813,0.7503701448440552
26,1,18,0.5093393368804949,-0.7965607674522025,0.6338806748390198
26,1,19,0.5169985750290738,-0.8425161963436757,0.750876784324646
26,1,20,0.501680098731916,-0.8501754344922546,0.6289661526679993
26,1,21,0.4633839079890217,-0.8578346726408335,0.7404572367668152
26,1,22,0.4480654316918639,-0.8578346726408335,0.6152412295341492
26,1,23,0.011488857222868305,-0.02297771444573661,0.9957428574562072
26,1,24,-0.011488857222868305,0.02297771444573661,0.993162989616394
26,1,25,0.11105895315439362,0.6740129570749406,0.4937323331832886
26,1,26,0.019148095371447175,0.7582645767093081,0.377431571483612
26,1,27,-0.042125809817183786,1.3173889615555656,0.5237220525741577
26,1,28,-0.09574047685723588,1.5548253441615107,0.4394609332084656
26,1,29,-0.09574047685723588,1.470573724527143,0.5612843632698059
26,1,30,-0.17999209649160344,1.715669345281667,0.4862908124923706
26,1,31,0.10339971500581475,1.3939813430413543,0.6137840747833252
26,1,32,0.21062904908591892,1.6697139163901937,0.5789623260498047
26,2,0,0.026609045952340163,-1.3342535898959138,0.9996370673179626
26,2,1,0.05701938418358606,-1.402676850916217,0.9996644258499146
26,2,2,0.06462196874139754,-1.402676850916217,0.9995689988136292
26,2,3,0.07982713785702049,-1.4102794354740287,0.9996678233146667
26,2,4,0.034211630510151636,-1.3950742663584057,0.9995972514152528
26,2,5,0.041814215067963116,-1.3950742663584057,0.999454379081726
26,2,6,0.041814215067963116,-1.3950742663584057,0.999527394771576
26,2,7,0.1102374760882664,-1.3798690972427827,0.9993740916252136
26,2,8,0.05701938418358606,-1.3722665126849714,0.9994450211524964
26,2,9,0.04941679962577459,-1.2734329134334221,0.9996019005775452
26,2,10,0.034211630510151636,-1.2658303288756105,0.9995490312576294
26,2,11,-0.01900646139452869,-1.014945038467832,0.9997055530548096
26,2,12,0.06462196874139754,-0.9845347002365861,0.999147355556488
26,2,13,0.1102374760882664,-0.551187380441332,0.6427605748176575
26,2,14,0.034211630510151636,-0.45235378118978276,0.5278571248054504
26,2,15,-0.1102374760882664,-0.7716623326178648,0.7802184820175171
26,2,16,-0.07222455329920902,-0.7564571635022418,0.5929009914398193
26,2,17,-0.18626332166638115,-0.7944700862912991,0.7678539156913757
26,2,18,-0.09503230697264343,-0.7944700862912991,0.5925062298774719
26,2,19,-0.14825039887732377,-0.8324830090803566,0.7681521773338318
26,2,20,-0.06462196874139754,-0.840085593638168,0.5873807072639465
26,2,21,-0.12544264520388934,-0.840085593638168,0.7567773461341858
26,2,22,-0.05701938418358606,-0.840085593638168,0.5744045376777649
26,2,23,-0.0038012922789057374,-0.01900646139452869,0.995977520942688
26,2,24,0.0038012922789057374,0.01900646139452869,0.9935283064842224
26,2,25,0.12544264520388934,0.7716623326178648,0.5249291062355042
26,2,26,0.05701938418358606,0.7640597480600533,0.3616951704025268
26,2,27,-0.011403876836717213,1.6991776486708647,0.5528310537338257
26,2,28,0.12544264520388934,1.5851388803036925,0.4266025424003601
26,2,29,0.1406478143195123,1.8588319243849056,0.586966872215271
26,2,30,0.20907107533981556,1.7599983251333564,0.4770668447017669
26,2,31,-0.01900646139452869,1.8360241707114713,0.6368452310562134
26,2,32,0.12544264520388934,1.737190571459922,0.5689360499382019
27,1,0,0.23997157398412003,-1.3375464779442756,0.99963641166687
27,1,1,0.1927640512331456,-1.4083577620707373,0.9996716380119324
27,1,2,0.18489613077464986,-1.416225682529233,0.9995770454406738
27,1,3,0.18489613077464986,-1.416225682529233,0.9996678829193116
27,1,4,0.18489613077464986,-1.4083577620707373,0.9996035695075988
27,1,5,0.16916028985765838,-1.4083577620707373,0.999464750289917
27,1,6,0.14555652848217115,-1.4083577620707373,0.9995405673980712
27,1,7,0.1534244489406669,-1.3926219211537458,0.99936705827713
27,1,8,0.09834900573119673,-1.3768860802367542,0.9994831681251526
27,1,9,0.20849989215013706,-1.2746031142763097,0.9996095895767212
27,1,10,0.18489613077464986,-1.266735193817814,0.9995709657669068
27,1,11,0.09834900573119673,-1.0149617391459502,0.99968159198761
27,1,12,-0.019669801146239348,-0.9834900573119674,0.999223291873932
27,1,13,0.16916028985765838,-0.5350185911777102,0.588571310043335
27,1,14,0.035405642063230824,-0.4327356252172656,0.573101282119751
27,1,15,0.41306582407102627,-0.7395845230985995,0.7317976355552673
27,1,16,0.38946206269553907,-0.7395845230985995,0.6303976774215698
27,1,17,0.4996129491144794,-0.7553203640155909,0.723457396030426
27,1,18,0.5153487900314708,-0.7789241253910781,0.6271375417709351
27,1,19,0.4917450286559837,-0.8103958072250611,0.7240367531776428
27,1,20,0.4917450286559837,-0.8182637276835568,0.6217976212501526
27,1,21,0.4602733468220007,-0.8103958072250611,0.7136222124099731
27,1,22,0.44453750590500923,-0.8182637276835568,0.6074820756912231
27,1,23,0.04327356252172656,-0.007867920458495738,0.9956764578819276
27,1,24,-0.04327356252172656,0.007867920458495738,0.99321311712265
27,1,25,0.07474524435570952,0.7474524435570952,0.4858628511428833
27,1,26,0.003933960229247869,0.7789241253910781,0.3726212382316589
27,1,27,-0.07474524435570952,1.4634332052802073,0.5181923508644104
27,1,28,-0.09834900573119673,1.6129236939916265,0.42866051197052
27,1,29,-0.1534244489406669,1.5893199326161391,0.5588062405586243
27,1,30,-0.20849989215013706,1.7624141827030455,0.4811193943023681
27,1,31,0.09048108527270099,1.534244489406669,0.6098175644874573
27,1,32,0.2163678126086328,1.7545462622445498,0.5695743560791016
27,2,0,-0.10021816750603461,-1.333672536811076,0.9996696710586548
27,2,1,-0.0925090776978781,-1.410763434892641,0.9997023344039916
27,2,2,-0.0925090776978781,-1.410763434892641,0.9996169805526732
27,2,3,-0.0847999878897216,-1.410763434892641,0.9996991157531738
27,2,4,-0.10792725731419112,-1.410763434892641,0.9996402859687804
27,2,5,-0.11563634712234763,-1.410763434892641,0.9995145797729492
27,2,6,-0.12334543693050413,-1.410763434892641,0.9995835423469543
27,2,7,-0.11563634712234763,-1.3953452552763281,0.9994285702705384
27,2,8,-0.15418179616313016,-1.379927075660015,0.9995288848876952
27,2,9,-0.0847999878897216,-1.2719998183458239,0.9996432662010192
27,2,10,-0.10792725731419112,-1.2719998183458239,0.9996034502983092
27,2,11,0.007709089808156508,-1.0098907648685027,0.9997081160545348
27,2,12,-0.12334543693050413,-0.9867634954440331,0.9992287755012512
27,2,13,-0.06938180827340858,-0.5319271967627991,0.6285468339920044
27,2,14,-0.1773090655875997,-0.454836298681234,0.5272905826568604
27,2,15,-0.1850181553957562,-0.7554908011993379,0.7557252049446106
27,2,16,-0.16189088597128667,-0.7477817113911813,0.5876953601837158
27,2,17,-0.2698181432854778,-0.7709089808156508,0.7458638548851013
27,2,18,-0.20814542482022572,-0.7940362502401204,0.5862945914268494
27,2,19,-0.2543999636691648,-0.8248726094727464,0.7462671399116516
27,2,20,-0.1773090655875997,-0.8325816992809029,0.5805848240852356
27,2,21,-0.22356360443653875,-0.8248726094727464,0.7348927855491638
27,2,22,-0.1695999757794432,-0.8248726094727464,0.5674842596054077
27,2,23,0.06167271846525207,-0.007709089808156508,0.9959970116615297
27,2,24,-0.06167271846525207,0.007709089808156508,0.9937149882316588
27,2,25,0.03854544904078254,0.8094544298564333,0.5274060964584351
27,2,26,0.04625453884893905,0.7786180706238074,0.3621459305286407
27,2,27,0.007709089808156508,1.7037088476025883,0.5557317137718201
27,2,28,0.03854544904078254,1.6266179495210233,0.4270766377449035
27,2,29,0.10792725731419112,1.8964360928065012,0.5878009796142578
27,2,30,0.14647270635497367,1.803927015108623,0.4786024093627929
27,2,31,-0.1773090655875997,1.819345194724936,0.6388427019119263
27,2,32,-0.05396362865709556,1.8116361049167795,0.5691277384757996
28,1,0,0.2555709959528417,-1.344696624859567,0.999376118183136
28,1,1,0.2241161041432612,-1.4154701314311233,0.9993932247161864
28,1,2,0.20838865823847091,-1.4154701314311233,0.9992178678512572
28,1,3,0.2005249352860758,-1.4233338543835183,0.9993468523025512
28,1,4,0.20838865823847091,-1.4154701314311233,0.9993717670440674
28,1,5,0.18479748938128554,-1.4154701314311233,0.999192476272583
28,1,6,0.1690700434764953,-1.4154701314311233,0.9993684887886048
28,1,7,0.13761515166691476,-1.399742685526333,0.9987345337867736
28,1,8,0.09829653690493911,-1.3840152396215428,0.9994135499000548
28,1,9,0.23197982709565632,-1.2739231182880109,0.9993993639945984
28,1,10,0.20838865823847091,-1.2739231182880109,0.9994956254959106
28,1,11,0.1218877057621245,-1.0065565379065766,0.999597430229187
28,1,12,-0.019659307380987822,-0.9908290920017863,0.9992924332618712
28,1,13,0.10616025985733425,-0.5425968837152639,0.5705193281173706
28,1,14,-0.027523030333382954,-0.43250476238173213,0.5731393694877625
28,1,15,0.3577993943339784,-0.5347331607628688,0.6892908811569214
28,1,16,0.397118009095954,-0.5819154984772396,0.6251654624938965
28,1,17,0.397118009095954,-0.5583243296200542,0.6839309930801392
28,1,18,0.5229375763342761,-0.5740517755248444,0.6214527487754822
28,1,19,0.42857290090553457,-0.5976429443820298,0.6850696802139282
28,1,20,0.5308012992866712,-0.6290978361916103,0.6158685088157654
28,1,21,0.37352684023876864,-0.6369615591440054,0.6753268241882324
28,1,22,0.48361896157230044,-0.6369615591440054,0.601122260093689
28,1,23,0.05897792214296347,-0.00786372295239513,0.9947081804275512
28,1,24,-0.05897792214296347,0.00786372295239513,0.9929401278495787
28,1,25,0.1218877057621245,0.7077350657155617,0.4922488927841186
28,1,26,0.003931861476197565,0.7627811263823275,0.3817068338394165
28,1,27,-0.003931861476197565,1.3840152396215428,0.5250465273857117
28,1,28,-0.10616025985733425,1.5491534216218406,0.4398113191127777
28,1,29,-0.07470536804775373,1.4941073609550746,0.5641168355941772
28,1,30,-0.2005249352860758,1.7378827724793235,0.4907944202423095
28,1,31,0.1690700434764953,1.525562252764655,0.6154069304466248
28,1,32,0.2005249352860758,1.7300190495269285,0.5762282609939575
28,2,0,-0.07793259407691133,-1.356027136938257,0.9994247555732728
28,2,1,-0.10131237229998473,-1.4339597310151684,0.9994428157806396
28,2,2,-0.10131237229998473,-1.4339597310151684,0.9992831945419312
28,2,3,-0.10131237229998473,-1.4339597310151684,0.9994017481803894
28,2,4,-0.10910563170767586,-1.4261664716074773,0.9994205832481384
28,2,5,-0.12469215052305813,-1.4339597310151684,0.9992563724517822
28,2,6,-0.14027866933844038,-1.4339597310151684,0.9994180202484132
28,2,7,-0.0935191128922936,-1.410579952792095,0.9988490343093872
28,2,8,-0.14807192874613154,-1.402786693384404,0.9994463920593262
28,2,9,-0.0935191128922936,-1.285887802269037,0.9994369149208068
28,2,10,-0.116898891115367,-1.293681061676728,0.9995073676109314
28,2,11,-0.007793259407691133,-0.9897439447767739,0.999622881412506
28,2,12,-0.13248540993074925,-1.005330463592156,0.9992175698280334
28,2,13,0.015586518815382266,-0.45980230505377684,0.6124010682106018
28,2,14,-0.08572585348460246,-0.45980230505377684,0.523379385471344
28,2,15,-0.13248540993074925,-0.6312540120229818,0.7182796001434326
28,2,16,-0.1636584475615138,-0.646840530838364,0.5778594613075256
28,2,17,-0.27276407926918966,-0.6624270496537463,0.7116371393203735
28,2,18,-0.24938430104611625,-0.6546337902460552,0.5775797367095947
28,2,19,-0.2571775604538074,-0.7169798655075842,0.7124919891357422
28,2,20,-0.24159104163842512,-0.701393346692202,0.5724515914916992
28,2,21,-0.22600452282304284,-0.7247731249152753,0.7021374106407166
28,2,22,-0.17924496637689605,-0.701393346692202,0.5595681667327881
28,2,23,0.0233797782230734,0.007793259407691133,0.9949535131454468
28,2,24,-0.0233797782230734,-0.007793259407691133,0.9931299686431884
28,2,25,0.0467595564461468,0.880638313069098,0.5317639708518982
28,2,26,0.05455281585383793,0.8338787566229512,0.3709573447704315
28,2,27,0.007793259407691133,1.7301035885074314,0.5620533227920532
28,2,28,0.07013933466922019,1.6677575132459024,0.4382867813110351
28,2,29,0.07793259407691133,1.9015552954766364,0.5954995155334473
28,2,30,0.14807192874613154,1.823622701399725,0.490618884563446
28,2,31,-0.15586518815382266,1.7768631449535783,0.6437711715698242
28,2,32,-0.0467595564461468,1.815829441992034,0.5772397518157959
29,1,0,0.2963871281817864,-1.3594289612604604,0.9993865489959716
29,1,1,0.2647725011757292,-1.4305618720240891,0.9993615746498108
29,1,2,0.2568688444242149,-1.4305618720240891,0.9991543889045716
29,1,3,0.2568688444242149,-1.4384655287756036,0.9992755055427552
29,1,4,0.24106153092118632,-1.4305618720240891,0.9993723034858704
29,1,5,0.22525421741815768,-1.4305618720240891,0.9991975426673888
29,1,6,0.20154324716361477,-1.4305618720240891,0.9993842840194702
29,1,7,0.20154324716361477,-1.4068509017695463,0.998354196548462
29,1,8,0.13831399315150034,-1.398947245018032,0.9994297027587892
29,1,9,0.2805798146787578,-1.296199707248346,0.9992737770080566
29,1,10,0.2568688444242149,-1.2882960504968317,0.9994829893112184
29,1,11,0.17783227690907186,-0.9958607506908025,0.9994421005249025
29,1,12,0.003951828375757153,-0.9958607506908025,0.9992846250534058
29,1,13,0.14621764990301464,-0.4584120915878297,0.5550459027290344
29,1,14,-0.051373768884842984,-0.45050843483631536,0.569993257522583
29,1,15,0.3517127254423866,-0.2687243295514864,0.6544808149337769
29,1,16,0.42284563620601534,-0.38727918082420093,0.6162524223327637
29,1,17,0.40703832270298673,-0.19759141878785763,0.6517952680587769
29,1,18,0.5572078009817585,-0.3082426133090579,0.6131861805915833
29,1,19,0.4307492929575296,-0.22920604579391485,0.6530358791351318
29,1,20,0.6046297414908444,-0.33195358356360083,0.6081808805465698
29,1,21,0.3517127254423866,-0.24501335929694346,0.6441773772239685
29,1,22,0.5572078009817585,-0.3714718673211723,0.5929139852523804
29,1,23,0.05927742563635729,0.0,0.9942879676818848
29,1,24,-0.05927742563635729,0.0,0.9930357336997986
29,1,25,0.16992862015755755,0.6797144806302302,0.4973225593566894
29,1,26,0.051373768884842984,0.7824620183999162,0.3992089331150055
29,1,27,0.003951828375757153,1.3278143342544033,0.5352981686592102
29,1,28,-0.08298839589090021,1.5095984395392323,0.4605071544647217
29,1,29,-0.08298839589090021,1.4305618720240891,0.5733269453048706
29,1,30,-0.17783227690907186,1.6992862015755756,0.5025483965873718
29,1,31,0.19363959041210047,1.4542728422786322,0.625110924243927
29,1,32,0.24106153092118632,1.6755752313210326,0.5907546877861023
29,2,0,-0.0780712302697981,-1.3495169803779388,0.9994127750396729
29,2,1,-0.0632005197422175,-1.4164351777520514,0.999392032623291
29,2,2,-0.0632005197422175,-1.4164351777520514,0.9992005228996276
29,2,3,-0.0632005197422175,-1.4164351777520514,0.9993178844451904
29,2,4,-0.0780712302697981,-1.4164351777520514,0.9993965029716492
29,2,5,-0.0855065855335884,-1.4164351777520514,0.9992326498031616
29,2,6,-0.10037729606116899,-1.4164351777520514,0.9994083046913148
29,2,7,-0.0780712302697981,-1.3792584014330997,0.9984745979309082
29,2,8,-0.15242478290770106,-1.3866937566968902,0.9994252324104308
29,2,9,-0.0855065855335884,-1.282598783003826,0.9992961883544922
29,2,10,-0.10037729606116899,-1.282598783003826,0.999436855316162
29,2,11,-0.01858838815947574,-1.007490638243585,0.99948650598526
29,2,12,-0.15242478290770106,-0.9851845724522141,0.9991613626480104
29,2,13,0.10037729606116899,-0.4424036381955226,0.5986399054527283
29,2,14,-0.03345909868705633,-0.4349682829317323,0.5158812403678894
29,2,15,-0.10037729606116899,-0.5241925460972159,0.6875168681144714
29,2,16,-0.011153032895685443,-0.2639551118645555,0.5606483817100525
29,2,17,-0.2342136908093943,-0.5316279013610061,0.6838928461074829
29,2,18,-0.0632005197422175,-0.18216620396286223,0.5601719617843628
29,2,19,-0.2416490460731846,-0.5762400329437479,0.6848368048667908
29,2,20,-0.04832980921463692,-0.226778335545604,0.5558044910430908
29,2,21,-0.21934298028181373,-0.5762400329437479,0.6753784418106079
29,2,22,-0.04089445395084663,-0.2342136908093943,0.5426132082939148
29,2,23,0.04089445395084663,-0.0037176776318951477,0.99468332529068
29,2,24,-0.04089445395084663,0.0037176776318951477,0.993211269378662
29,2,25,0.03345909868705633,0.7621239145385053,0.5379612445831299
29,2,26,-0.03345909868705633,0.754688559274715,0.3839248120784759
29,2,27,0.03345909868705633,1.431305888279632,0.5719092488288879
29,2,28,0.04089445395084663,1.4164351777520514,0.4525858163833618
29,2,29,0.10781265132495929,1.6171897698743893,0.6037803292274475
29,2,30,0.14498942764391076,1.6023190593468086,0.4987768530845642
29,2,31,-0.11524800658874958,1.5279655067089057,0.6525427103042603
29,2,32,-0.05576516447842722,1.6320604804019698,0.5856603384017944
30,1,0,0.33067790974010014,-1.377824623917084,0.99925696849823
30,1,1,0.29131149191389777,-1.4486841760042484,0.9991662502288818
30,1,2,0.29131149191389777,-1.4565574595694888,0.9988731741905212
30,1,3,0.2834382083486573,-1.4565574595694888,0.999048352241516
30,1,4,0.27556492478341676,-1.4486841760042484,0.9992310404777528
30,1,5,0.2598183576529358,-1.4486841760042484,0.9990424513816832
30,1,6,0.2361985069572144,-1.4486841760042484,0.9992893934249878
30,1,7,0.22045193982673345,-1.4171910417432863,0.997577428817749
30,1,8,0.1574656713048096,-1.4171910417432863,0.9993116855621338
30,1,9,0.3070580590443787,-1.3069650718299197,0.998945653438568
30,1,10,0.29131149191389777,-1.3069650718299197,0.9993606805801392
30,1,11,0.20470537269625247,-0.9920337292203004,0.9989765882492064
30,1,12,0.04723970139144288,-0.9920337292203004,0.9992209076881408
30,1,13,0.17321223843529054,-0.4172840289577454,0.5410894751548767
30,1,14,-0.06298626852192384,-0.4172840289577454,0.5628647804260254
30,1,15,0.3857908946967835,-0.18895880556577152,0.6257670521736145
30,1,16,0.3857908946967835,-0.18108552200053105,0.6000670790672302
30,1,17,0.4645237303491883,-0.10235268634812623,0.6256439685821533
30,1,18,0.5038901481753907,-0.08660611921764527,0.5958846807479858
30,1,19,0.4645237303491883,-0.12597253704384767,0.6270889043807983
30,1,20,0.5590031331320741,-0.11022596991336672,0.5911592841148376
30,1,21,0.44877716321870736,-0.16533895487005007,0.6187353730201721
30,1,22,0.5117634317406312,-0.14959238773956912,0.5746200680732727
30,1,23,0.04723970139144288,0.0,0.9938386082649232
30,1,24,-0.04723970139144288,0.0,0.9927327632904052
30,1,25,0.14959238773956912,0.6692291030454408,0.4973849654197693
30,1,26,0.09447940278288576,0.7243420880021242,0.4076478183269501
30,1,27,-0.01574656713048096,1.3227116389604006,0.5406515598297119
30,1,28,-0.02361985069572144,1.4329376088737673,0.4675145745277405
30,1,29,-0.1180992534786072,1.4723040266999696,0.5771259069442749
30,1,30,-0.12597253704384767,1.6061498473090579,0.5090500116348267
30,1,31,0.18895880556577152,1.4644307431347292,0.6273071765899658
30,1,32,0.2361985069572144,1.5825299966133364,0.5908268690109253
30,2,0,-0.018770747275846086,-1.3740187005919335,0.9992666244506836
30,2,1,-0.0037541494551692174,-1.434085091874641,0.9991812109947203
30,2,2,0.0037541494551692174,-1.434085091874641,0.9989059567451476
30,2,3,-0.0037541494551692174,-1.4265767929643027,0.999081254005432
30,2,4,-0.011262448365507651,-1.434085091874641,0.9992308020591736
30,2,5,-0.026279046186184523,-1.434085091874641,0.9990466237068176
30,2,6,-0.04129564400686139,-1.434085091874641,0.9992825388908386
30,2,7,-0.048803942917199826,-1.3890352984126104,0.9977399706840516
30,2,8,-0.09385373637923043,-1.396543597322949,0.9992586970329284
30,2,9,-0.026279046186184523,-1.2989357114885491,0.9989866614341736
30,2,10,-0.04129564400686139,-1.3064440103988877,0.9992982745170592
30,2,11,0.018770747275846086,-0.9986037550750119,0.9990710020065308
30,2,12,-0.22149481785498382,-0.9910954561646734,0.9991813898086548
30,2,13,0.19146162221363008,-0.43548133679962925,0.5863509178161621
30,2,14,0.0037541494551692174,-0.43548133679962925,0.5104990601539612
30,2,15,-0.018770747275846086,-0.46551453244098295,0.6619400382041931
30,2,16,0.07132883964821513,-0.16518257602744557,0.5461103916168213
30,2,17,-0.13139523093092262,-0.46551453244098295,0.6607604026794434
30,2,18,0.09385373637923043,-0.06757469019304592,0.544610321521759
30,2,19,-0.17644502439295323,-0.518072624813352,0.6618966460227966
30,2,20,0.09385373637923043,-0.1276410814757534,0.5404067635536194
30,2,21,-0.13139523093092262,-0.5255809237236905,0.6530593633651733
30,2,22,0.086345437468892,-0.13514938038609184,0.5260946154594421
30,2,23,0.03378734509652296,0.0,0.9942744374275208
30,2,24,-0.03378734509652296,0.0,0.9929523468017578
30,2,25,0.018770747275846086,0.7057800975718129,0.5355247855186462
30,2,26,-0.1689367254826148,0.7358132932131666,0.3904500901699066
30,2,27,-0.10136203528956887,1.4716265864263331,0.5728557705879211
30,2,28,0.048803942917199826,1.4641182875159948,0.4513166546821594
30,2,29,0.026279046186184523,1.6518257602744557,0.6056663990020752
30,2,30,0.13139523093092262,1.6443174613641172,0.5013583302497864
30,2,31,-0.086345437468892,1.4265767929643027,0.6498305201530457
30,2,32,-0.026279046186184523,1.621792564633102,0.5766193866729736
31,1,0,0.3439998356581968,-1.4115855325284627,0.999090850353241
31,1,1,0.31236766686204076,-1.4748498701207748,0.9989664554595948
31,1,2,0.31236766686204076,-1.4669418279217357,0.9986200928688048
31,1,3,0.30445962466300175,-1.4669418279217357,0.9988381266593932
31,1,4,0.29655158246396274,-1.4748498701207748,0.9990569353103638
31,1,5,0.2728274558668457,-1.4748498701207748,0.9988426566123962
31,1,6,0.25701137146876774,-1.4748498701207748,0.9991406202316284
31,1,7,0.2332872448716507,-1.4274016169265407,0.9970101118087769
31,1,8,0.17002290727933864,-1.4353096591255796,0.9991444945335388
31,1,9,0.3281837512601188,-1.3325051105380725,0.9987009167671204
31,1,10,0.30445962466300175,-1.3325051105380725,0.9992245435714722
31,1,11,0.21747116047357268,-0.9766432115813173,0.9987074732780457
31,1,12,0.027678147696636523,-1.0082753803774733,0.9992367029190063
31,1,13,0.16211486508029962,-0.42308025764858687,0.5309945344924927
31,1,14,-0.05140227429375354,-0.42308025764858687,0.5581933259963989
31,1,15,0.3914480888524308,-0.14629878068222163,0.6051055192947388
31,1,16,0.41517221544954785,-0.17002290727933864,0.5873074531555176
31,1,17,0.4388963420466649,-0.05140227429375354,0.6072607636451721
31,1,18,0.533792848435133,-0.07512640089087057,0.5823953747749329
31,1,19,0.4784365530418599,-0.08303444308990957,0.6091058254241943
31,1,20,0.589149143828406,-0.1146666118860656,0.5778406262397766
31,1,21,0.45471242644474286,-0.12257465408510461,0.601127028465271
31,1,22,0.5417008906341719,-0.14629878068222163,0.5604501366615295
31,1,23,0.06721835869183156,0.003954021099519503,0.9933784604072572
31,1,24,-0.06721835869183156,-0.003954021099519503,0.9925395250320436
31,1,25,0.14629878068222163,0.684045650216874,0.4933703243732452
31,1,26,0.03558618989567553,0.7789421566053422,0.4076471328735351
31,1,27,-0.027678147696636523,1.3562292371351896,0.5374318361282349
31,1,28,-0.06721835869183156,1.5064820389169307,0.4674751758575439
31,1,29,-0.12257465408510461,1.5381142077130867,0.5763979554176331
31,1,30,-0.1304826962841436,1.6409187563005938,0.5148851275444031
31,1,31,0.20165507607549468,1.4906659545188528,0.6222993731498718
31,1,32,0.2491033292697287,1.6013785453053988,0.5845457911491394
31,2,0,0.0,-1.411721285672406,0.9991375207901
31,2,1,0.015685792063026734,-1.4744644539245129,0.9990262985229492
31,2,2,0.015685792063026734,-1.4744644539245129,0.9987069964408876
31,2,3,0.015685792063026734,-1.4666215578929995,0.9989134669303894
31,2,4,0.0,-1.4823073499560262,0.9991021156311036
31,2,5,-0.007842896031513367,-1.4823073499560262,0.9989027380943298
31,2,6,-0.0235286880945401,-1.4823073499560262,0.9991806745529176
31,2,7,-0.0235286880945401,-1.4274070777354326,0.9972525835037231
31,2,8,-0.06274316825210693,-1.4352499737669462,0.9991589784622192
31,2,9,0.0,-1.3332923253572724,0.998776912689209
31,2,10,-0.0235286880945401,-1.3411352213887857,0.9991936683654784
31,2,11,0.08627185634664704,-0.9882048999706842,0.9988276362419128
31,2,12,-0.10195764840967377,-1.0117335880652243,0.9992157816886902
31,2,13,0.19607240078783417,-0.4313592817332352,0.5770800113677979
31,2,14,0.0235286880945401,-0.4313592817332352,0.5059258937835693
31,2,15,0.0235286880945401,-0.38430190554415494,0.6423741579055786
31,2,16,0.14901502459875396,-0.03137158412605347,0.5354838371276855
31,2,17,-0.10980054444118713,-0.3686161134811282,0.6426945328712463
31,2,18,0.08627185634664704,0.054900272220593564,0.5335570573806763
31,2,19,-0.1411721285672406,-0.41567348967020845,0.644088864326477
31,2,20,0.14901502459875396,0.03137158412605347,0.5291863083839417
31,2,21,-0.0941147523781604,-0.4313592817332352,0.6350223422050476
31,2,22,0.0941147523781604,0.007842896031513367,0.5140755772590637
31,2,23,0.054900272220593564,0.0,0.9939364790916444
31,2,24,-0.054900272220593564,0.0,0.9929150342941284
31,2,25,0.015685792063026734,0.7529180190252832,0.5318640470504761
31,2,26,-0.0705860642836203,0.8078182912458768,0.3884427845478058
31,2,27,0.0235286880945401,1.5293647261451064,0.5694089531898499
31,2,28,0.015685792063026734,1.5764221023341867,0.4506681561470032
31,2,29,0.07842896031513366,1.7019084388384005,0.603000283241272
31,2,30,0.0705860642836203,1.7411229189959674,0.5061156749725342
31,2,31,-0.08627185634664704,1.56073631027116,0.6463976502418518
31,2,32,-0.0235286880945401,1.709751334869914,0.5730995535850525
32,1,0,0.33213777235963826,-1.4115855325284627,0.9990194439888
32,1,1,0.30050560356348227,-1.4748498701207748,0.9989023804664612
32,1,2,0.30050560356348227,-1.4748498701207748,0.9985135197639464
32,1,3,0.30050560356348227,-1.4669418279217357,0.9987399578094482
32,1,4,0.28468951916540425,-1.4748498701207748,0.9990137815475464
32,1,5,0.27678147696636524,-1.4748498701207748,0.9988032579421996
32,1,6,0.2609653925682872,-1.4748498701207748,0.999135196208954
32,1,7,0.2293332237721312,-1.4274016169265407,0.99679297208786
32,1,8,0.16606888617981913,-1.4274016169265407,0.999149203300476
32,1,9,0.32422973016059925,-1.3325051105380725,0.9986612796783448
32,1,10,0.30050560356348227,-1.3325051105380725,0.9992098212242126
32,1,11,0.20560909717501416,-0.9766432115813173,0.9985833168029784
32,1,12,0.03954021099519503,-1.0082753803774733,0.999278724193573
32,1,13,0.1186206329855851,-0.46262046864378187,0.5234256386756897
32,1,14,-0.17397692837885814,-0.42308025764858687,0.5541242361068726
32,1,15,0.32422973016059925,-0.20165507607549468,0.5883039236068726
32,1,16,0.31632168796156024,-0.1304826962841436,0.5778140425682068
32,1,17,0.38749406775291134,-0.08303444308990957,0.5913784503936768
32,1,18,0.3479538567577163,-0.03558618989567553,0.572281002998352
32,1,19,0.43494232094714536,-0.1146666118860656,0.5935230255126953
32,1,20,0.39540210995195035,-0.07512640089087057,0.5674713253974915
32,1,21,0.39540210995195035,-0.15420682288126064,0.5852756500244141
32,1,22,0.3558618989567553,-0.1146666118860656,0.5498859286308289
32,1,23,0.055356295393273046,0.003954021099519503,0.9934260845184326
32,1,24,-0.055356295393273046,-0.003954021099519503,0.9926409721374512
32,1,25,0.1186206329855851,0.684045650216874,0.4937602579593658
32,1,26,0.11071259078654609,0.7077697768139911,0.4099382758140564
32,1,27,0.007908042199039006,1.3720453215332677,0.5331640243530273
32,1,28,0.031632168796156025,1.4274016169265407,0.44568932056427
32,1,29,-0.09489650638846808,1.5302061655140478,0.5747873187065125
32,1,30,-0.09489650638846808,1.5618383343102038,0.497781753540039
32,1,31,0.2372412659711702,1.5064820389169307,0.6136460304260254
32,1,32,0.2688734347673262,1.5302061655140478,0.5603916645050049
32,2,0,0.16913673339170862,-1.4081616407960857,0.9990146160125732
32,2,1,0.18487038300954198,-1.4710962392674192,0.9989000558853148
32,2,2,0.1770035582006253,-1.4710962392674192,0.9985360503196716
32,2,3,0.18487038300954198,-1.4632294144585025,0.998773157596588
32,2,4,0.16126990858279194,-1.4789630640763358,0.9989725947380066
32,2,5,0.1455362589649586,-1.4789630640763358,0.9987433552742004
32,2,6,0.1376694341560419,-1.4789630640763358,0.999061107635498
32,2,7,0.1376694341560419,-1.423895290413919,0.9969804286956788
32,2,8,0.0590011860668751,-1.4317621152228357,0.9989569187164308
32,2,9,0.1770035582006253,-1.329493392706919,0.998672604560852
32,2,10,0.1455362589649586,-1.329493392706919,0.9990204572677612
32,2,11,0.21633768224520872,-0.9912199259235017,0.9987144470214844
32,2,12,-0.0196670620222917,-0.9990867507324184,0.9990150928497314
32,2,13,0.34220687918787557,-0.45627583891716744,0.5708490610122681
32,2,14,0.10620213492037518,-0.416941714872584,0.5024840235710144
32,2,15,0.20060403262737533,-0.40120806525475067,0.6290424466133118
32,2,16,0.19273720781845866,-0.1494696713694169,0.5256129503250122
32,2,17,0.0983353101114585,-0.393341240445834,0.6312562227249146
32,2,18,0.19273720781845866,-0.08653507289808349,0.5226545333862305
32,2,19,0.0983353101114585,-0.4484090141082508,0.6331095099449158
32,2,20,0.2556718062897921,-0.1180023721337502,0.5182631015777588
32,2,21,0.11406895972929186,-0.45627583891716744,0.62514728307724
32,2,22,0.20060403262737533,-0.14160284656050023,0.5027564167976379
32,2,23,0.12193578453820854,0.0,0.9936763048171996
32,2,24,-0.12193578453820854,0.0,0.9922984838485718
32,2,25,0.16126990858279194,0.7552151816560013,0.5408034920692444
32,2,26,0.18487038300954198,0.7473483568470847,0.4118177592754364
32,2,27,0.18487038300954198,1.5576313121655028,0.5721718668937683
32,2,28,0.19273720781845866,1.4474957648406692,0.453232854604721
32,2,29,0.2242045070541254,1.7543019323884197,0.6126843094825745
32,2,30,0.16126990858279194,1.5890986114011694,0.5133330821990967
32,2,31,0.0196670620222917,1.6362995602546695,0.6439215540885925
32,2,32,0.10620213492037518,1.5654981369744194,0.5646970272064209
33,1,0,0.2750265130208921,-1.4022478551206048,0.9990418553352356
33,1,1,0.23629038442640024,-1.4642256608717916,0.9989084601402284
33,1,2,0.23629038442640024,-1.4642256608717916,0.9985100626945496
33,1,3,0.2285431587075019,-1.4642256608717916,0.9987099766731262
33,1,4,0.2207959329886035,-1.4642256608717916,0.9990281462669371
33,1,5,0.19755425583190842,-1.4642256608717916,0.99881911277771
33,1,6,0.1743125786752133,-1.4642256608717916,0.9991260170936584
33,1,7,0.15881812723741656,-1.4177423065584016,0.9966161847114564
33,1,8,0.08909309576733124,-1.4254895322772998,0.9990442991256714
33,1,9,0.26727928730199374,-1.3247755979316211,0.998665452003479
33,1,10,0.23629038442640024,-1.3247755979316211,0.9990988373756408
33,1,11,0.13557645008072144,-0.9838976663000929,0.9984217286109924
33,1,12,-0.06585141861063613,-1.0148865691756863,0.9991103410720824
33,1,13,-0.0038736128594491844,-0.5578002517606826,0.516402006149292
33,1,14,-0.3679932216476725,-0.5190641231661908,0.551892101764679
33,1,15,0.1743125786752133,-0.30214180303703636,0.5718260407447815
33,1,16,0.0038736128594491844,-0.2014278686913576,0.5714966654777527
33,1,17,0.20530148155080677,-0.20917509441025597,0.5759183764457703
33,1,18,0.11233477292402635,-0.11620838578347553,0.5668758153915405
33,1,19,0.2207959329886035,-0.24016399728584945,0.5778706073760986
33,1,20,0.20530148155080677,-0.16269174009686574,0.5625407695770264
33,1,21,0.19755425583190842,-0.2711529001614429,0.5709102153778076
33,1,22,0.1278292243618231,-0.1936806429724592,0.54660564661026
33,1,23,0.08134587004843287,0.0,0.9934968948364258
33,1,24,-0.08134587004843287,0.0,0.9927041530609132
33,1,25,0.1278292243618231,0.6817558632630565,0.5091403126716614
33,1,26,0.03486251573504266,0.6895030889819548,0.4468330144882202
33,1,27,-0.03486251573504266,1.3092811464938243,0.5454921722412109
33,1,28,-0.0503569671728394,1.3557645008072146,0.4736577570438385
33,1,29,-0.13557645008072144,1.4642256608717916,0.5917923450469971
33,1,30,-0.15881812723741656,1.4952145637473853,0.5185096263885498
33,1,31,0.15881812723741656,1.47197288659069,0.6277172565460205
33,1,32,0.15107090151851818,1.5029617894662837,0.5783630013465881
33,2,0,-0.21162987420517515,-1.3831523921266804,0.9990873336791992
33,2,1,-0.16628061544692332,-1.4436180704710162,0.9989479780197144
33,2,2,-0.15872240565388138,-1.4436180704710162,0.9985885620117188
33,2,3,-0.14360598606779743,-1.4360598606779742,0.9987870454788208
33,2,4,-0.18139703503300728,-1.4436180704710162,0.9990416765213012
33,2,5,-0.18139703503300728,-1.4436180704710162,0.9988424181938172
33,2,6,-0.18139703503300728,-1.4436180704710162,0.9991217255592346
33,2,7,-0.08314030772346166,-1.3982688117127644,0.99690842628479
33,2,8,-0.13604777627475545,-1.3982688117127644,0.9989655017852784
33,2,9,-0.18139703503300728,-1.3075702941962608,0.9987543225288392
33,2,10,-0.20407166441213317,-1.3075702941962608,0.9990453124046326
33,2,11,0.02267462937912591,-0.99768369268154,0.9985786080360411
33,2,12,-0.15872240565388138,-0.99768369268154,0.999007761478424
33,2,13,0.12093135668867151,-0.5290746855129379,0.5646461248397827
33,2,14,-0.1965134546190912,-0.506400056133812,0.5013450384140015
33,2,15,-0.06802388813737772,-0.40814332882426635,0.6143772602081299
33,2,16,-0.21162987420517515,-0.21918808399821713,0.5211111903190613
33,2,17,-0.1965134546190912,-0.3779104896520985,0.6175822019577026
33,2,18,-0.2267462937912591,-0.1511641958608394,0.5189833045005798
33,2,19,-0.249420923170385,-0.43081795820339225,0.6192628145217896
33,2,20,-0.21918808399821713,-0.1965134546190912,0.5152621269226074
33,2,21,-0.21918808399821713,-0.43837616799643425,0.6124353408813477
33,2,22,-0.23430450358430105,-0.21162987420517515,0.5013006925582886
33,2,23,0.05290746855129379,-0.0075582097930419695,0.9940078854560852
33,2,24,-0.05290746855129379,0.0075582097930419695,0.9928414821624756
33,2,25,-0.0075582097930419695,0.7104717205459451,0.5451191663742065
33,2,26,-0.03779104896520985,0.7029135107529032,0.4219632446765899
33,2,27,-0.0075582097930419695,1.3453613431614706,0.5768513679504395
33,2,28,0.015116419586083939,1.4511762802640582,0.4588134586811065
33,2,29,0.0075582097930419695,1.5418747977805618,0.6190696954727173
33,2,30,0.030232839172167878,1.5947822663318556,0.513195812702179
33,2,31,-0.1738388252399653,1.5947822663318556,0.6518159508705139
33,2,32,-0.08314030772346166,1.5343165879875198,0.5682379603385925
34,1,0,0.20819028091500175,-1.3802244549550116,0.9990679025650024
34,1,1,0.1696365251900014,-1.441910464115012,0.9988934993743896
34,1,2,0.16192577404500136,-1.441910464115012,0.998506486415863
34,1,3,0.16192577404500136,-1.441910464115012,0.9987132549285888
34,1,4,0.14650427175500122,-1.441910464115012,0.9990555047988892
34,1,5,0.13108276946500108,-1.441910464115012,0.9988730549812316
34,1,6,0.1079505160300009,-1.441910464115012,0.9991541504859924
34,1,7,0.05397525801500045,-1.4033567083900116,0.9967507123947144
34,1,8,-0.007710751145000064,-1.4033567083900116,0.9990319609642028
34,1,9,0.1927687786250016,-1.303116943505011,0.9986942410469056
34,1,10,0.1696365251900014,-1.303116943505011,0.9991013407707214
34,1,11,0.06939676030500058,-0.9869761465600082,0.9983490705490112
34,1,12,-0.17734727633500147,-1.0101083999950085,0.9991021752357484
34,1,13,0.03855375572500032,-0.5243310778600043,0.5122231245040894
34,1,14,-0.6091493404550051,-0.6399923450350053,0.5509300231933594
34,1,15,0.12337201832000103,-0.239033285495002,0.5581110119819641
34,1,16,-0.27758704122000233,-0.239033285495002,0.5673879981040955
34,1,17,0.1696365251900014,-0.13879352061000116,0.5625984072685242
34,1,18,-0.2159010320600018,-0.13108276946500108,0.563217043876648
34,1,19,0.17734727633500147,-0.1696365251900014,0.5644228458404541
34,1,20,-0.18505802748000155,-0.17734727633500147,0.5595085620880127
34,1,21,0.16192577404500136,-0.18505802748000155,0.5587610006332397
34,1,22,-0.20047952977000166,-0.20819028091500175,0.5448347926139832
34,1,23,0.07710751145000064,0.0,0.9935504794120787
34,1,24,-0.07710751145000064,0.0,0.9931054711341858
34,1,25,0.0848182625950007,0.7402321099200062,0.5200271010398865
34,1,26,-0.10023976488500083,0.7479428610650062,0.4502340853214264
34,1,27,-0.14650427175500122,1.303116943505011,0.5513108968734741
34,1,28,-0.1696365251900014,1.434199712970012,0.4828409850597381
34,1,29,-0.23132253435000194,1.4650427175500123,0.5984776616096497
34,1,30,-0.27758704122000233,1.5729932335800132,0.5230047106742859
34,1,31,0.023132253435000194,1.5267287267100127,0.6354024410247803
34,1,32,0.03855375572500032,1.6115469893050134,0.5849985480308533
34,2,0,-0.24854458589807316,-1.3560300201203697,0.9991177320480348
34,2,1,-0.21199391150129768,-1.4145110991552103,0.9989547729492188
34,2,2,-0.1973736417425875,-1.4145110991552103,0.998610019683838
34,2,3,-0.1900635068632324,-1.4145110991552103,0.9988075494766236
34,2,4,-0.21930404638065276,-1.4218212340345655,0.9990895986557008
34,2,5,-0.21930404638065276,-1.4218212340345655,0.9989150762557985
34,2,6,-0.21930404638065276,-1.4218212340345655,0.999165654182434
34,2,7,-0.12427229294903658,-1.377960424758435,0.9970523715019226
34,2,8,-0.15351283246645694,-1.377960424758435,0.9990041851997375
34,2,9,-0.21930404638065276,-1.2829286713268186,0.9987939596176147
34,2,10,-0.24123445101871804,-1.2902388062061738,0.9990819692611694
34,2,11,0.02924053951742037,-0.9978334110319701,0.9985132813453674
34,2,12,-0.16082296734581203,-0.9978334110319701,0.9988645911216736
34,2,13,0.1973736417425875,-0.5665354531500196,0.5609578490257263
34,2,14,-0.17544323710452223,-0.6177063973055054,0.4999876320362091
34,2,15,-0.11696215806968148,-0.39109221604549743,0.6022154092788696
34,2,16,-0.32164593469162406,-0.29606046261388125,0.5220494866371155
34,2,17,-0.2046837766219426,-0.3326111370106567,0.6060532927513123
34,2,18,-0.35088647420904445,-0.2302692486996854,0.5220736861228943
34,2,19,-0.24123445101871804,-0.3837820811661424,0.6076608300209045
34,2,20,-0.3655067439677546,-0.28875032773452614,0.5190237760543823
34,2,21,-0.21930404638065276,-0.39840235092485254,0.6022545695304871
34,2,22,-0.34357633932968934,-0.3106807323725914,0.5057639479637146
34,2,23,0.05117094415548565,-0.010965202319032639,0.9938768744468688
34,2,24,-0.05117094415548565,0.010965202319032639,0.9925695657730104
34,2,25,-0.06579121391419583,0.668877341460991,0.5602512955665588
34,2,26,-0.043860809276130557,0.7346685553751868,0.4305677115917206
34,2,27,0.0,1.4949225828281165,0.5870049595832825
34,2,28,0.043860809276130557,1.4803023130694062,0.4766317307949066
34,2,29,0.043860809276130557,1.6703658199326386,0.6319882869720459
34,2,30,0.05848107903484074,1.626505010656508,0.5249969363212585
34,2,31,-0.24123445101871804,1.7215367640881243,0.6616576313972473
34,2,32,-0.11696215806968148,1.6338151455358632,0.5775995254516602
35,1,0,0.2598319262788147,-1.369273008326452,0.9991580247879028
35,1,1,0.22683739595769534,-1.4435107015489703,0.9989898800849916
35,1,2,0.22683739595769534,-1.4435107015489703,0.998668909072876
35,1,3,0.22683739595769534,-1.4435107015489703,0.9988433122634888
35,1,4,0.20209149821685585,-1.4435107015489703,0.9991348385810852
35,1,5,0.1855942330562962,-1.4517593341292503,0.9989808201789856
35,1,6,0.1608483353154567,-1.4517593341292503,0.999214231967926
35,1,7,0.14435107015489704,-1.4022675386475711,0.997168242931366
35,1,8,0.06186474435209873,-1.4105161712278511,0.9990758299827576
35,1,9,0.23508602853797517,-1.2950353151039333,0.9986785054206848
35,1,10,0.21034013079713568,-1.3032839476842133,0.9991009831428528
35,1,11,0.0783620095126584,-0.9650900118927402,0.9982879757881165
35,1,12,-0.20209149821685585,-1.0310790725349788,0.998971462249756
35,1,13,0.10310790725349789,-0.5279124851379091,0.512202799320221
35,1,14,-0.6145231272308473,-0.7258796670646251,0.549745500087738
35,1,15,0.11960517241405755,-0.23096171224783527,0.5515939593315125
35,1,16,-0.3835614149830121,-0.29695077289007393,0.5685059428215027
35,1,17,0.1855942330562962,-0.1567240190253168,0.5566567182540894
35,1,18,-0.35881551724217264,-0.19796718192671595,0.5666689276695251
35,1,19,0.19384286563657602,-0.1072322235436378,0.5583664178848267
35,1,20,-0.3753127824027323,-0.2144644470872756,0.563737154006958
35,1,21,0.16909696789573653,-0.17322128418587646,0.55437171459198
35,1,22,-0.35881551724217264,-0.25570760998867476,0.5508171319961548
35,1,23,0.11960517241405755,0.01649726516055966,0.9939365386962892
35,1,24,-0.11960517241405755,-0.01649726516055966,0.9930680394172668
35,1,25,0.1361024375746172,0.8413605231885427,0.5402548909187317
35,1,26,-0.10310790725349789,0.8826036860899419,0.4752055406570434
35,1,27,-0.0536161117718189,1.6497265160559662,0.5652083158493042
35,1,28,-0.08661064209293823,1.7734560047601635,0.5081093907356262
35,1,29,-0.1608483353154567,1.806450535081283,0.6161284446716309
35,1,30,-0.21034013079713568,1.905434126044641,0.5439947843551636
35,1,31,0.17734560047601636,1.905434126044641,0.6476805210113525
35,1,32,0.17734560047601636,1.9714231866868797,0.5962255597114563
35,2,0,-0.21499639276930071,-1.3201532889343026,0.9991834163665771
35,2,1,-0.1697339942915532,-1.3805031535712993,0.9990193247795104
35,2,2,-0.154646528132304,-1.3805031535712993,0.9987376928329468
35,2,3,-0.14710279505267942,-1.3805031535712993,0.9989123940467834
35,2,4,-0.18482146045080236,-1.388046886650924,0.9991283416748048
35,2,5,-0.17727772737117778,-1.388046886650924,0.9989727735519408
35,2,6,-0.17727772737117778,-1.3955906197305485,0.99917733669281
35,2,7,-0.07920919733605815,-1.350328221252801,0.9974204897880554
35,2,8,-0.12447159581380567,-1.3578719543324256,0.9990015029907228
35,2,9,-0.18482146045080236,-1.2522596912176813,0.9987679719924928
35,2,10,-0.2074526596896761,-1.2522596912176813,0.9990476369857788
35,2,11,0.06412173117680899,-0.9957727665104453,0.9984582662582396
35,2,12,-0.12447159581380567,-1.0033164995900699,0.9986201524734496
35,2,13,0.34323985512291866,-0.618586112529216,0.5609304904937744
35,2,14,-0.13955906197305484,-0.618586112529216,0.4967597126960754
35,2,15,-0.026403065778686053,-0.3319242555034818,0.5963160395622253
35,2,16,-0.2678025243266728,-0.35455545474235556,0.5172849297523499
35,2,17,-0.13955906197305484,-0.2791181239461097,0.6005855202674866
35,2,18,-0.29797745664517117,-0.2715743908664851,0.5187768936157227
35,2,19,-0.18482146045080236,-0.28666185702573427,0.6020785570144653
35,2,20,-0.3281523889636695,-0.28666185702573427,0.5165556073188782
35,2,21,-0.16219026121192862,-0.32438052242385723,0.5981369018554688
35,2,22,-0.2904337235655466,-0.309293056264608,0.5051662921905518
35,2,23,0.04149053193793523,-0.007543733079624586,0.994278848171234
35,2,24,-0.04149053193793523,0.007543733079624586,0.992675483226776
35,2,25,-0.04149053193793523,0.8524418379975782,0.5802286863327026
35,2,26,0.018859332699061464,0.8826167703160765,0.4572156965732574
35,2,27,0.018859332699061464,1.765233540632153,0.5957361459732056
35,2,28,0.10184039657493191,1.6973399429155318,0.4987445771694183
35,2,29,0.07920919733605815,1.9010207360653957,0.6471660733222961
35,2,30,0.13955906197305484,1.8482146045080237,0.5428417921066284
35,2,31,-0.23762759200817446,2.059439130737512,0.6674385070800781
35,2,32,-0.07166546425643357,1.9387394014635186,0.5842478275299072
36,1,0,0.22349504377376403,-1.3174444685611353,0.999161958694458
36,1,1,0.19212731833183225,-1.388021850805482,0.9989486336708068
36,1,2,0.19212731833183225,-1.380179919444999,0.9986851215362548
36,1,3,0.19212731833183225,-1.380179919444999,0.998826801776886
36,1,4,0.16860152425038338,-1.388021850805482,0.999100148677826
36,1,5,0.14507573016893455,-1.395863782165965,0.9989716410636902
36,1,6,0.12939186744796866,-1.395863782165965,0.9991636276245116
36,1,7,0.11370800472700275,-1.348812194003067,0.997308075428009
36,1,8,0.02744675976169032,-1.35665412536355,0.999020218849182
36,1,9,0.1999692496923152,-1.2468670863167888,0.9983838200569152
36,1,10,0.16860152425038338,-1.2547090176772717,0.9989484548568726
36,1,11,0.09018221064555391,-0.9645575573394026,0.9982017278671264
36,1,12,-0.27054663193666173,-1.0272930082232663,0.9987424612045288
36,1,13,0.16075959288990044,-0.5567771265942894,0.518656313419342
36,1,14,-0.6234335431583944,-0.6900899597224995,0.5467516779899597
36,1,15,0.21565311241328108,-0.18820635265159077,0.5544125437736511
36,1,16,-0.3724917396229401,-0.31367725441931793,0.5640808939933777
36,1,17,0.2470208378552129,-0.10194510768627833,0.5584242343902588
36,1,18,-0.3724917396229401,-0.21957407809352256,0.5634956955909729
36,1,19,0.25486276921569584,-0.09410317632579539,0.5604996085166931
36,1,20,-0.3175982200995594,-0.25094180353545437,0.5613082051277161
36,1,21,0.23917890649472992,-0.11762897040724422,0.5580658912658691
36,1,22,-0.32544015146004235,-0.2744675976169032,0.5499871373176575
36,1,23,0.12154993608748571,0.015683862720965898,0.9942506551742554
36,1,24,-0.12154993608748571,-0.015683862720965898,0.9930700063705444
36,1,25,0.12154993608748571,0.8390866555716755,0.5510219931602478
36,1,26,-0.04313062248265622,0.8939801750950561,0.4900311529636383
36,1,27,-0.1058660733665198,1.5840701348175557,0.5622518062591553
36,1,28,-0.09018221064555391,1.7016991052247998,0.5125160217285156
36,1,29,-0.17644345561086636,1.7330668306667316,0.6204915642738342
36,1,30,-0.19212731833183225,1.827170006992527,0.5492703318595886
36,1,31,0.12154993608748571,1.8585377324344587,0.6405539512634277
36,1,32,0.16075959288990044,1.9447989773997714,0.5879377126693726
36,2,0,-0.23740477811203595,-1.3038421147105468,0.9991902709007264
36,2,1,-0.19218482037641005,-1.3716720513139855,0.99899423122406
36,2,2,-0.17711150113120142,-1.3716720513139855,0.9987617135047911
36,2,3,-0.16203818188599278,-1.3641353916913812,0.9989068508148192
36,2,4,-0.19972147999901438,-1.3716720513139855,0.9991149306297302
36,2,5,-0.19972147999901438,-1.3792087109365898,0.998986542224884
36,2,6,-0.19972147999901438,-1.3792087109365898,0.9991639852523804
36,2,7,-0.09420824528255395,-1.333988753200964,0.99754399061203
36,2,8,-0.13942820301817985,-1.3415254128235683,0.9989652037620544
36,2,9,-0.20725813962161868,-1.2360121781071078,0.9984948039054872
36,2,10,-0.22986811848943164,-1.2435488377297121,0.9988914132118224
36,2,11,0.026378308679115108,-1.002375729806374,0.9983804225921632
36,2,12,-0.13189154339557554,-0.9948390701837697,0.9981799721717834
36,2,13,0.3353813532058921,-0.6104694294309496,0.5667209625244141
36,2,14,-0.29016139547026615,-0.6632260467891798,0.4937890768051147
36,2,15,-0.04898828754692806,-0.286393065658964,0.5987911224365234
36,2,16,-0.23740477811203595,-0.32407636377198556,0.5126927495002747
36,2,17,-0.1695748415085971,-0.16580651169729496,0.6020076274871826
36,2,18,-0.27508807622505754,-0.24117310792333813,0.5148770213127136
36,2,19,-0.20725813962161868,-0.16580651169729496,0.6038141250610352
36,2,20,-0.27508807622505754,-0.2713197464137554,0.5131579041481018
36,2,21,-0.18464816075380575,-0.19595315018771223,0.6011905074119568
36,2,22,-0.2600147569798489,-0.30900304452677696,0.5030933618545532
36,2,23,0.033914968301719424,0.0,0.9946483969688416
36,2,24,-0.033914968301719424,0.0,0.9928152561187744
36,2,25,-0.05652494716953237,0.881789175844705,0.5916578769683838
36,2,26,0.011304989433906475,0.8893258354673093,0.4805894792079925
36,2,27,0.003768329811302158,1.7786516709346185,0.5983276963233948
36,2,28,0.09420824528255395,1.6882117554633669,0.507541298866272
36,2,29,0.06406160679213668,1.929384863386705,0.6512831449508667
36,2,30,0.003768329811302158,1.8540182671606618,0.54753178358078
36,2,31,-0.26755141660245324,2.0876547154613956,0.6665205359458923
36,2,32,-0.12435488377297121,1.929384863386705,0.5820931792259216
37,1,0,0.11168891333259909,-1.3287129344740236,0.9989852905273438
37,1,1,0.10398622965448881,-1.3903344038989058,0.9985718727111816
37,1,2,0.10398622965448881,-1.3826317202207956,0.9983044266700744
37,1,3,0.11168891333259909,-1.3826317202207956,0.9983900785446168
37,1,4,0.06547281126393739,-1.398037087577016,0.9988704919815063
37,1,5,0.04236476022960655,-1.398037087577016,0.9987784624099731
37,1,6,0.019256709195275706,-1.4057397712551265,0.9989637732505798
37,1,7,0.057770127585827113,-1.3518209855083545,0.9963737726211548
37,1,8,-0.06547281126393739,-1.3749290365426854,0.9987636804580688
37,1,9,0.10398622965448881,-1.2516860976929207,0.9969350695610046
37,1,10,0.057770127585827113,-1.2670914650491414,0.9983761310577391
37,1,11,0.06547281126393739,-0.9512814342466198,0.9974200129508972
37,1,12,-0.35047210735401785,-1.0283082710277227,0.99832284450531
37,1,13,0.11168891333259909,-0.6046606687316571,0.5215181708335876
37,1,14,-0.7510116586157525,-0.8049304443625245,0.5439193248748779
37,1,15,0.2503372195385842,-0.1964184337918122,0.560006856918335
37,1,16,-0.4583096788475618,-0.38898552574456924,0.5592027306556702
37,1,17,0.25803990321669446,-0.08858086229826824,0.5641009211540222
37,1,18,-0.48141772988189263,-0.28885063792913557,0.5584532618522644
37,1,19,0.273445270572915,-0.08087817862015796,0.5666882395744324
37,1,20,-0.5276338319505544,-0.29655332160724585,0.5567609071731567
37,1,21,0.2503372195385842,-0.10398622965448881,0.5658543705940247
37,1,22,-0.5045257809162235,-0.34276942367590757,0.5467605590820312
37,1,23,0.12709428068881964,0.011554025517165422,0.9942729473114014
37,1,24,-0.12709428068881964,-0.011554025517165422,0.9931454062461852
37,1,25,0.09628354597637852,0.8280384953968553,0.5704938173294067
37,1,26,-0.10398622965448881,0.874254597465517,0.5126853585243225
37,1,27,-0.1964184337918122,1.5443880774611116,0.5723462700843811
37,1,28,-0.14249964804504023,1.6830363836670965,0.5265411138534546
37,1,29,-0.1964184337918122,1.6753336999889863,0.6318797469139099
37,1,30,-0.22722916850425331,1.8139820061949714,0.5541689395904541
37,1,31,0.057770127585827113,1.8524954245855227,0.6468122601509094
37,1,32,0.08858086229826824,1.944927628722846,0.5880745053291321
37,2,0,-0.29626971145278136,-1.314222053367466,0.9989989399909972
37,2,1,-0.22789977804060105,-1.3749953275116262,0.9986153244972228
37,2,2,-0.21270645950456096,-1.3749953275116262,0.9983802437782288
37,2,3,-0.1975131409685209,-1.3749953275116262,0.9984871745109558
37,2,4,-0.2430930965766411,-1.3825919867796463,0.9988619089126588
37,2,5,-0.2430930965766411,-1.3825919867796463,0.9987576007843018
37,2,6,-0.23549643730862108,-1.3901886460476665,0.9989412426948548
37,2,7,-0.11394988902030052,-1.3446086904395462,0.9966799020767212
37,2,8,-0.1747231631644608,-1.3522053497075661,0.998628318309784
37,2,9,-0.25068975584466113,-1.2382554606872658,0.997156023979187
37,2,10,-0.27347973364872125,-1.2458521199552857,0.99825519323349
37,2,11,0.060773274144160276,-1.0103556826466646,0.9976760149002076
37,2,12,-0.1519331853604007,-0.9875657048426045,0.9977467060089112
37,2,13,0.41021960047308187,-0.6988926526578432,0.5692609548568726
37,2,14,-0.22789977804060105,-0.6305227192456629,0.4912182986736297
37,2,15,0.0,-0.3418496670609016,0.6036064624786377
37,2,16,-0.1975131409685209,-0.3646396448649617,0.5074042081832886
37,2,17,-0.12154654828832055,-0.21270645950456096,0.6064630746841431
37,2,18,-0.22789977804060105,-0.2810763929167413,0.5089832544326782
37,2,19,-0.16712650389644076,-0.25068975584466113,0.6086745262145996
37,2,20,-0.26588307438070125,-0.2886730521847613,0.5076502561569214
37,2,21,-0.14433652609238065,-0.2810763929167413,0.6071534752845764
37,2,22,-0.25068975584466113,-0.31905968925684147,0.4988117218017578
37,2,23,0.04557995560812021,0.0,0.9946809411048888
37,2,24,-0.04557995560812021,0.0,0.9929184317588806
37,2,25,-0.030386637072080138,0.873615815822304,0.606168270111084
37,2,26,-0.015193318536040069,0.8812124750903241,0.4953459799289703
37,2,27,0.022789977804060106,1.7928115872527282,0.606726348400116
37,2,28,0.09875657048426045,1.7016516760364877,0.5137839317321777
37,2,29,0.11394988902030052,1.9219547948090687,0.6591585278511047
37,2,30,0.10635322975228048,1.8611815206649085,0.5443878173828125
37,2,31,-0.2582864151126812,2.1422579135816497,0.6730511784553528
37,2,32,-0.11394988902030052,1.959938091149169,0.5790692567825317
38,1,0,0.1515619129346148,-1.2844872121208604,0.9986547231674194
38,1,1,0.1364057216411533,-1.352690072941437,0.9980064630508424
38,1,2,0.1364057216411533,-1.352690072941437,0.9978185296058656
38,1,3,0.1364057216411533,-1.352690072941437,0.997821807861328
38,1,4,0.10609333905423037,-1.360268168588168,0.9984013438224792
38,1,5,0.08335905211403814,-1.3678462642348985,0.998349905014038
38,1,6,0.06820286082057665,-1.3754243598816294,0.9985170960426332
38,1,7,0.06820286082057665,-1.3223776903545141,0.995649755001068
38,1,8,-0.03031238258692296,-1.3375338816479756,0.998205542564392
38,1,9,0.14398381728788406,-1.2162843513002837,0.9952580332756042
38,1,10,0.10609333905423037,-1.2238624469470145,0.9972140789031982
38,1,11,0.06062476517384592,-0.9510510036647079,0.9970959424972534
38,1,12,-0.2273428694019222,-1.0419881514254767,0.9979047179222108
38,1,13,0.12882762599442257,-0.6630833690889397,0.5219112634658813
38,1,14,-0.6365600343253821,-0.7767548037899008,0.5410380959510803
38,1,15,0.2652333476355759,-0.28417858675240276,0.5594843029975891
38,1,16,-0.3940609736299985,-0.35995954321971013,0.5519123673439026
38,1,17,0.2728114432823066,-0.19324143899163387,0.5633354783058167
38,1,18,-0.34859239974961403,-0.26902239545894124,0.549173891544342
38,1,19,0.31828001716269105,-0.19324143899163387,0.5662562847137451
38,1,20,-0.3031238258692296,-0.2614442998122105,0.5478245615959167
38,1,21,0.2652333476355759,-0.2159757259318261,0.5664690732955933
38,1,22,-0.3107019215159603,-0.3144909693393257,0.538495659828186
38,1,23,0.09093714776076887,-0.01136714347009611,0.9943438172340392
38,1,24,-0.09093714776076887,0.01136714347009611,0.9931190609931946
38,1,25,0.10609333905423037,0.8449576646104775,0.5830812454223633
38,1,26,-0.03031238258692296,0.8752700471974004,0.5275585055351257
38,1,27,-0.12124953034769184,1.5345643684629748,0.5816596150398254
38,1,28,-0.1515619129346148,1.6785481857508588,0.5320283770561218
38,1,29,-0.15914000858134553,1.6709700901041282,0.645214855670929
38,1,30,-0.15914000858134553,1.7997977160985508,0.5587943196296692
38,1,31,0.09851524340749962,1.9134691507995119,0.6526272892951965
38,1,32,0.1136714347009611,1.9437815333864348,0.5832871198654175
38,2,0,-0.2698933057886474,-1.243697530728767,0.9986220598220824
38,2,1,-0.21153799642893983,-1.3093472537584379,0.9980215430259703
38,2,2,-0.19694916908901294,-1.3093472537584379,0.9978512525558472
38,2,3,-0.17506592807912263,-1.3093472537584379,0.9979099631309508
38,2,4,-0.23342123743883017,-1.3166416674284014,0.9983426332473756
38,2,5,-0.22612682376886672,-1.323936081098365,0.9982333779335022
38,2,6,-0.22612682376886672,-1.3312304947683282,0.9984092712402344
38,2,7,-0.10941620504945164,-1.2874640127485477,0.9959805607795716
38,2,8,-0.18236034174908605,-1.3020528400884746,0.9979057908058168
38,2,9,-0.23342123743883017,-1.178047807699096,0.9955952763557434
38,2,10,-0.2625988921186839,-1.1853422213690594,0.9970684051513672
38,2,11,0.05835530935970754,-1.0102762932899367,0.9973841309547424
38,2,12,-0.13129944605934196,-0.9883930522800465,0.9973433017730712
38,2,13,0.43766482019780656,-0.733088573831326,0.569623589515686
38,2,14,-0.05835530935970754,-0.733088573831326,0.4891047775745392
38,2,15,0.11671061871941509,-0.353779062993227,0.6030762791633606
38,2,16,-0.11671061871941509,-0.3464846493232635,0.5017521381378174
38,2,17,0.02188324100989033,-0.19330196225403123,0.6055778861045837
38,2,18,-0.11671061871941509,-0.22977403060384843,0.501645565032959
38,2,19,-0.04376648201978066,-0.222479616933885,0.6080766320228577
38,2,20,-0.1531826870692323,-0.26624609895366563,0.5004467964172363
38,2,21,-0.02917765467985377,-0.2735405126236291,0.6075804829597473
38,2,22,-0.14588827339926885,-0.3027181673034829,0.4921493232250213
38,2,23,0.03647206834981721,-0.010941620504945165,0.9947604537010192
38,2,24,-0.03647206834981721,0.010941620504945165,0.9928771257400512
38,2,25,-0.0510608956897441,0.8497991925507411,0.618762195110321
38,2,26,-0.03647206834981721,0.8425047788807776,0.5045151114463806
38,2,27,0.0510608956897441,1.7105400056064273,0.615341305732727
38,2,28,0.10941620504945164,1.6157126278969025,0.5170409083366394
38,2,29,0.12400503238937852,1.8345450379958057,0.6730459928512573
38,2,30,0.12400503238937852,1.7616009012961713,0.5535333752632141
38,2,31,-0.22612682376886672,2.082555102774563,0.6782185435295105
38,2,32,-0.05835530935970754,1.936666829375294,0.5734712481498718
39,1,0,0.09081207117700944,-1.2827205053752584,0.998163402080536
39,1,1,0.08324439857892532,-1.3432618861599313,0.9971732497215272
39,1,2,0.09081207117700944,-1.3432618861599313,0.9971397519111632
39,1,3,0.09081207117700944,-1.3432618861599313,0.9970351457595824
39,1,4,0.06054138078467296,-1.3583972313560995,0.9977236390113832
39,1,5,0.04540603558850472,-1.3583972313560995,0.9977227449417114
39,1,6,0.03027069039233648,-1.3659649039541837,0.9978435039520264
39,1,7,0.04540603558850472,-1.328126540963763,0.9947556853294371
39,1,8,-0.05297370818658884,-1.3356942135618473,0.9971723556518556
39,1,9,0.0756767259808412,-1.2146114519925013,0.992771565914154
39,1,10,0.04540603558850472,-1.2297467971886695,0.9945765733718872
39,1,11,0.0756767259808412,-0.9648782562557253,0.99700665473938
39,1,12,-0.2724362135310283,-1.0254196370403983,0.9975275993347168
39,1,13,0.24973319573677596,-0.6091976441457717,0.5324370265007019
39,1,14,-0.5524400996601407,-0.7605510961074541,0.5386174321174622
39,1,15,0.43892501068887896,-0.22324634164348153,0.5633225440979004
39,1,16,-0.24973319573677596,-0.35189677581091156,0.5464364886283875
39,1,17,0.46162802848313134,-0.15513728826072445,0.564949631690979
39,1,18,-0.18162414235401889,-0.18540797865306094,0.5421724915504456
39,1,19,0.47676337367929955,-0.14756961566264035,0.5684388279914856
39,1,20,-0.12865043416743005,-0.18540797865306094,0.540925920009613
39,1,21,0.43892501068887896,-0.17784030605497683,0.5697961449623108
39,1,22,-0.13621810676551416,-0.2459493594377339,0.531447172164917
39,1,23,0.08324439857892532,0.00378383629904206,0.9942930936813354
39,1,24,-0.08324439857892532,-0.00378383629904206,0.9928357005119324
39,1,25,-0.03027069039233648,0.8059571316959587,0.6123833060264587
39,1,26,0.00756767259808412,0.7983894590978746,0.5393261313438416
39,1,27,-0.06810905338275708,1.5021830107196978,0.5959898233413696
39,1,28,-0.0756767259808412,1.645968790083296,0.5365710854530334
39,1,29,-0.09837974377509356,1.706510170867969,0.6620667576789856
39,1,30,-0.09837974377509356,1.7821868968488102,0.5664840340614319
39,1,31,0.06810905338275708,1.956243366604745,0.6639183759689331
39,1,32,0.12108276156934591,1.9713787118009132,0.5799210071563721
39,2,0,-0.2801903450312109,-1.2664603595410733,0.9981366991996764
39,2,1,-0.22788814729205153,-1.3337060423485638,0.997188150882721
39,2,2,-0.21294466222372027,-1.3337060423485638,0.9971687197685242
39,2,3,-0.19800117715538904,-1.3337060423485638,0.9971550703048706
39,2,4,-0.2503033748945484,-1.348649527416895,0.9976412057876588
39,2,5,-0.2503033748945484,-1.348649527416895,0.9975287318229676
39,2,6,-0.2503033748945484,-1.3561212699510607,0.9976352453231812
39,2,7,-0.12328375181373279,-1.3187625572802326,0.9951245188713074
39,2,8,-0.21294466222372027,-1.326234299814398,0.9964704513549804
39,2,9,-0.23535988982621714,-1.2066864192677482,0.9933094382286072
39,2,10,-0.27271860249704527,-1.214158161801914,0.9944861531257628
39,2,11,0.04109458393791093,-1.012421113379442,0.9973030090332032
39,2,12,-0.18305769208705777,-0.9825341432427795,0.996898353099823
39,2,13,0.4744556509195171,-0.7434383821494795,0.5790919661521912
39,2,14,-0.07845329660873905,-0.6089470165344983,0.4874002933502197
39,2,15,0.03362284140374531,-0.23535988982621714,0.6066635847091675
39,2,16,-0.10834026674540154,-0.26524685996287967,0.497602254152298
39,2,17,-0.056038069006242176,-0.15317072195039527,0.6074275970458984
39,2,18,-0.10086852421123592,-0.10834026674540154,0.4961450397968292
39,2,19,-0.1307554943478984,-0.1606424644845609,0.6104807257652283
39,2,20,-0.10086852421123592,-0.08592503914290467,0.4949690699577331
39,2,21,-0.11581200927956717,-0.1905294346212234,0.6110888719558716
39,2,22,-0.08592503914290467,-0.1307554943478984,0.4867050051689148
39,2,23,0.07845329660873905,-0.011207613801248436,0.9946309924125672
39,2,24,-0.07845329660873905,0.011207613801248436,0.9926420450210572
39,2,25,-0.03362284140374531,0.8779297477644608,0.6474342346191406
39,2,26,-0.15317072195039527,0.8256275500253014,0.5442100167274475
39,2,27,0.0933967816770703,1.707293169056845,0.6314398050308228
39,2,28,0.0635098115404078,1.6848779414543482,0.5444286465644836
39,2,29,0.15317072195039527,1.8641997622743232,0.6873446702957153
39,2,30,0.13822723688206404,1.826841049603495,0.5715741515159607
39,2,31,-0.20547291968955464,2.118239008435954,0.6913438439369202
39,2,32,-0.22788814729205153,2.065936810696795,0.5868656039237976
40,1,0,0.12562430143576453,-1.2981177815029,0.9952038526535034
40,1,1,0.11039711338294457,-1.3666401277405897,0.993591845035553
40,1,2,0.11039711338294457,-1.3590265337141798,0.9943370223045348
40,1,3,0.11801070740935454,-1.3590265337141798,0.9936921000480652
40,1,4,0.07232914325089472,-1.3742537217669997,0.9942705035209656
40,1,5,0.041874767145254836,-1.3818673157934096,0.9947490096092224
40,1,6,0.01903398506602493,-1.3818673157934096,0.994330108165741
40,1,7,0.026647579092434898,-1.3361857516349498,0.991313338279724
40,1,8,-0.09516992533012464,-1.3514129396877699,0.9920992255210876
40,1,9,0.08755633130371467,-1.2295954352652103,0.9822539687156676
40,1,10,0.041874767145254836,-1.2372090292916202,0.9818195104599
40,1,11,0.01903398506602493,-0.9935740204465012,0.99624365568161
40,1,12,-0.16369227156781438,-1.001187614472911,0.9968435764312744
40,1,13,0.34641852820165364,-0.6890302593901023,0.5304411053657532
40,1,14,-0.32357774612242374,-0.6433486952316425,0.533814013004303
40,1,15,0.43016806249216333,-0.24744180585832404,0.553384006023407
40,1,16,-0.16369227156781438,-0.4149408744393434,0.5369939804077148
40,1,17,0.4453952505449833,-0.16369227156781438,0.5551175475120544
40,1,18,-0.14846508351499443,-0.3311913401488337,0.5318211913108826
40,1,19,0.4377816565185733,-0.17891945962063432,0.5584403872489929
40,1,20,-0.12562430143576453,-0.3616457162544736,0.5306023955345154
40,1,21,0.4149408744393434,-0.20176024169986423,0.5600969195365906
40,1,22,-0.14085148948858445,-0.3692593102808836,0.5198455452919006
40,1,23,0.01903398506602493,-0.0038067970132049855,0.9933091402053832
40,1,24,-0.01903398506602493,0.0038067970132049855,0.9916942715644836
40,1,25,-0.026647579092434898,0.7194846354957423,0.6296856999397278
40,1,26,0.0038067970132049855,0.8184613578390718,0.5789220929145813
40,1,27,0.0038067970132049855,1.4656168500839193,0.6050147414207458
40,1,28,-0.0038067970132049855,1.6407295126913486,0.5706412196159363
40,1,29,0.0038067970132049855,1.6711838887969885,0.6698028445243835
40,1,30,-0.01903398506602493,1.793001393219548,0.5930263996124268
40,1,31,0.10278351935653461,1.823455769325188,0.67375648021698
40,1,32,0.12562430143576453,2.067090778170307,0.6041051149368286
40,2,0,-0.25318245557102687,-1.284258832606658,0.9954668283462524
40,2,1,-0.20181210226676055,-1.3576450516127527,0.993971824645996
40,2,2,-0.1871348584655416,-1.3576450516127527,0.9946629405021667
40,2,3,-0.16511899276371317,-1.3576450516127527,0.9941588044166564
40,2,4,-0.23116658986919844,-1.3576450516127527,0.9945156574249268
40,2,5,-0.23116658986919844,-1.3649836735133623,0.994817852973938
40,2,6,-0.23116658986919844,-1.3649836735133623,0.9944194555282592
40,2,7,-0.0990713956582279,-1.3209519421097053,0.9920203685760498
40,2,8,-0.19447348036615106,-1.3356291859109244,0.9916611313819884
40,2,9,-0.21648934606797948,-1.2182112355011727,0.9838110208511353
40,2,10,-0.25318245557102687,-1.2255498574017822,0.9829497337341307
40,2,11,0.04036242045335211,-1.0274070660853263,0.9966161251068116
40,2,12,-0.16511899276371317,-0.9686980908804506,0.9957014918327332
40,2,13,0.45132524688748266,-0.7191849462597285,0.5773206353187561
40,2,14,-0.06971690805579,-0.55773526444632,0.4829152822494507
40,2,15,0.01100793285091421,-0.27152901032255056,0.5978199243545532
40,2,16,-0.0990713956582279,-0.23483590081950317,0.4887458384037018
40,2,17,-0.06237828615518053,-0.15411105991279897,0.5988271832466125
40,2,18,-0.0990713956582279,-0.07338621900609474,0.4863159656524658
40,2,19,-0.12842588326066579,-0.1687883037140179,0.6017335057258606
40,2,20,-0.12842588326066579,-0.02201586570182842,0.4848835468292236
40,2,21,-0.11374863945944685,-0.21282003511767475,0.6027508974075317
40,2,22,-0.12108726136005632,-0.05870897520487579,0.4753841459751129
40,2,23,0.06237828615518053,-0.029354487602437897,0.9937195777893066
40,2,24,-0.06237828615518053,0.029354487602437897,0.991339147090912
40,2,25,-0.055039664254571054,0.851280140470699,0.6609205603599548
40,2,26,-0.1504417489624942,0.8145870309676516,0.5633804202079773
40,2,27,0.11374863945944685,1.6365126838359128,0.6338484883308411
40,2,28,0.0990713956582279,1.5924809524322558,0.5572187900543213
40,2,29,0.20915072416737002,1.7539306342456644,0.6927095651626587
40,2,30,0.17979623656493213,1.7319147685438359,0.5861380100250244
40,2,31,-0.1504417489624942,2.0181210226676054,0.6927107572555542
40,2,32,-0.1577803708631037,2.010782400766996,0.5894091129302979
41,1,0,0.10714245089722597,-1.3041822471283024,0.9916220903396606
41,1,1,0.08497504726331716,-1.370684458030029,0.9889973998069764
41,1,2,0.07758591271868089,-1.370684458030029,0.9908733367919922
41,1,3,0.07758591271868089,-1.370684458030029,0.989108145236969
41,1,4,0.07758591271868089,-1.3780735925746652,0.9899344444274902
41,1,5,0.07019677817404461,-1.3780735925746652,0.9911757707595824
41,1,6,0.05541850908477206,-1.3780735925746652,0.98947012424469
41,1,7,-0.0036945672723181374,-1.3337387853068476,0.986926019191742
41,1,8,-0.02586197090622696,-1.3411279198514838,0.985567271709442
41,1,9,0.07019677817404461,-1.2302909016819397,0.9733849167823792
41,1,10,0.05541850908477206,-1.2450691707712123,0.9714818000793456
41,1,11,0.0036945672723181374,-1.0160059998874877,0.9953653812408448
41,1,12,-0.14408812362040735,-0.9790603271643064,0.9957990050315856
41,1,13,0.350983890870223,-0.6761058108342192,0.5306126475334167
41,1,14,-0.20320119997749755,-0.5800470617539476,0.5295782089233398
41,1,15,0.3805404290487681,-0.23275773815604264,0.5459495782852173
41,1,16,-0.188422930888225,-0.43226437086122205,0.5292620062828064
41,1,17,0.46921004358440344,-0.17364466179895247,0.5481870174407959
41,1,18,-0.18103379634358874,-0.3879295635934044,0.5231398344039917
41,1,19,0.46182090903976714,-0.18103379634358874,0.5514792799949646
41,1,20,-0.20320119997749755,-0.350983890870223,0.5216906666755676
41,1,21,0.43226437086122205,-0.20320119997749755,0.5539881587028503
41,1,22,-0.22536860361140637,-0.3583730254148593,0.5105077028274536
41,1,23,0.04802937454013578,-0.02586197090622696,0.99215966463089
41,1,24,-0.04802937454013578,0.02586197090622696,0.9908642768859864
41,1,25,0.03325110545086324,0.6908840799234917,0.6550790071487427
41,1,26,-0.2179794690667701,0.7943319635483995,0.6023191213607788
41,1,27,0.07019677817404461,1.2450691707712123,0.6270841360092163
41,1,28,0.018472836361590687,1.5480236871012996,0.5940646529197693
41,1,29,0.0997533163525897,1.3780735925746652,0.6917481422424316
41,1,30,0.018472836361590687,1.72536291617257,0.6165140867233276
41,1,31,0.1293098545311348,1.5775802252798445,0.6927603483200073
41,1,32,0.03325110545086324,2.013539163413385,0.6186925172805786
41,2,0,-0.21707096097090278,-1.2843365190778413,0.992268204689026
41,2,1,-0.17365676877672223,-1.3566935060681424,0.9898868203163148
41,2,2,-0.15918537137866204,-1.3566935060681424,0.9916115403175354
41,2,3,-0.14471397398060185,-1.3566935060681424,0.9900646209716796
41,2,4,-0.20983526227187269,-1.3566935060681424,0.9906324744224548
41,2,5,-0.20983526227187269,-1.3566935060681424,0.991654634475708
41,2,6,-0.21707096097090278,-1.3566935060681424,0.9900342226028442
41,2,7,-0.08682838438836112,-1.327750711272022,0.9881112575531006
41,2,8,-0.1881281661747824,-1.327750711272022,0.9858871698379515
41,2,9,-0.1881281661747824,-1.2264509294856007,0.975886344909668
41,2,10,-0.22430665966993285,-1.2264509294856007,0.973815143108368
41,2,11,0.05788558959224074,-1.0310870646117882,0.9958263039588928
41,2,12,-0.16642107007769213,-0.9659657763205174,0.994744837284088
41,2,13,0.4630847167379259,-0.705480623155434,0.5774812698364258
41,2,14,-0.07959268568933102,-0.5028810595825914,0.4810157716274261
41,2,15,-0.007235698699030092,-0.25686730381556827,0.591195285320282
41,2,16,-0.15194967267963194,-0.17727461812623727,0.4865264892578125
41,2,17,-0.07235698699030092,-0.12662472723302662,0.5928071141242981
41,2,18,-0.15918537137866204,-0.01808924674757523,0.484171062707901
41,2,19,-0.15194967267963194,-0.1483318233301169,0.5957242250442505
41,2,20,-0.20983526227187269,-0.01808924674757523,0.482338935136795
41,2,21,-0.13747827528157175,-0.19898171422332753,0.5976518988609314
41,2,22,-0.20983526227187269,-0.06873913764078587,0.4722661972045898
41,2,23,0.07235698699030092,-0.03256064414563541,0.9926732778549194
41,2,24,-0.07235698699030092,0.03256064414563541,0.9904114007949828
41,2,25,-0.03617849349515046,0.8646659945340961,0.6837770342826843
41,2,26,-0.14471397398060185,0.8212518023399155,0.5927589535713196
41,2,27,0.13747827528157175,1.6244143579322556,0.654258131980896
41,2,28,0.12300687788351157,1.5086431787477743,0.5833901762962341
41,2,29,0.23877805706799304,1.7401855371167372,0.7132013440132141
41,2,30,0.23154235836896295,1.6967713449225568,0.6109578609466553
41,2,31,-0.1808924674757523,1.9861992928837604,0.7105961441993713
41,2,32,-0.14471397398060185,1.96449219678667,0.6076831817626953
42,1,0,0.17012908696431672,-1.3185004239734546,0.9914088845252992
42,1,1,0.14692966601463717,-1.3880986868224934,0.9882152080535888
42,1,2,0.13919652569807733,-1.395831827139053,0.9897814989089966
42,1,3,0.13146338538151747,-1.395831827139053,0.9880143404006958
42,1,4,0.13146338538151747,-1.395831827139053,0.9897400140762328
42,1,5,0.12373024506495761,-1.395831827139053,0.9908170700073242
42,1,6,0.10826396443183792,-1.403564967455613,0.9894022941589355
42,1,7,0.03866570158279926,-1.3648992658728136,0.983537495136261
42,1,8,0.015466280633119701,-1.3726324061893735,0.9857277274131776
42,1,9,0.13919652569807733,-1.256635301440976,0.9701830744743348
42,1,10,0.11599710474839776,-1.2643684417575356,0.9728861451148988
42,1,11,0.06959826284903867,-1.0091748113110606,0.9939584136009216
42,1,12,-0.20879478854711597,-0.985975390361381,0.99514901638031
42,1,13,0.10826396443183792,-0.5915852342168286,0.5292115807533264
42,1,14,-0.3325250336120736,-0.5297201116843498,0.5321848392486572
42,1,15,0.061865122532478806,-0.24359391997163532,0.5429853796958923
42,1,16,-0.10826396443183792,-0.26679334092131485,0.5354279279708862
42,1,17,-0.03866570158279926,-0.1353299555397974,0.5455560088157654
42,1,18,0.03866570158279926,-0.08893111364043829,0.5311836004257202
42,1,19,0.17012908696431672,-0.22039449902195576,0.5487436056137085
42,1,20,0.06959826284903867,-0.2281276393385156,0.529439389705658
42,1,21,0.13146338538151747,-0.2513270602881952,0.5518667697906494
42,1,22,0.023199420949679552,-0.28225962155443457,0.5192606449127197
42,1,23,0.08506454348215836,-0.011599710474839776,0.9916033148765564
42,1,24,-0.08506454348215836,0.011599710474839776,0.99043607711792
42,1,25,0.030932561266239403,0.9009108468792226,0.6458397507667542
42,1,26,-0.20879478854711597,0.9163771275123423,0.6205204129219055
42,1,27,-0.03866570158279926,1.6510254575855283,0.6205153465270996
42,1,28,-0.06959826284903867,1.658758597902088,0.606015682220459
42,1,29,-0.14692966601463717,1.7747557026504859,0.6889342069625854
42,1,30,-0.17786222728087658,1.8366208251829645,0.629657506942749
42,1,31,-0.007733140316559851,1.9371516492982428,0.6806567311286926
42,1,32,-0.046398841899359104,1.9990167718307215,0.622279942035675
42,2,0,-0.24213085873497306,-1.3014533657004803,0.9919817447662354
42,2,1,-0.20429791205763354,-1.3846858483906272,0.9890496730804444
42,2,2,-0.1891647333866977,-1.3846858483906272,0.9904947876930236
42,2,3,-0.16646496538029398,-1.3922524377260952,0.9889893531799316
42,2,4,-0.22699768006403725,-1.3846858483906272,0.990288257598877
42,2,5,-0.23456426939950517,-1.3846858483906272,0.9910711646080016
42,2,6,-0.23456426939950517,-1.3846858483906272,0.9897522926330566
42,2,7,-0.10593225069655071,-1.3619860803842234,0.9849909543991088
42,2,8,-0.1891647333866977,-1.3619860803842234,0.9854618906974792
42,2,9,-0.20429791205763354,-1.240920651016737,0.9729406237602234
42,2,10,-0.24213085873497306,-1.248487240352205,0.974865972995758
42,2,11,0.07566589335467909,-1.0366227389591034,0.9945589303970336
42,2,12,-0.1740315547157619,-0.9609568456044244,0.9943379759788512
42,2,13,0.3253633414251201,-0.6128937361729005,0.576207160949707
42,2,14,-0.13619860803842235,-0.46912853879901034,0.4836344122886657
42,2,15,-0.052966125348275356,-0.25726403740590886,0.5884802937507629
42,2,16,-0.1740315547157619,-0.15889837604482607,0.4942934811115265
42,2,17,-0.15133178670935818,-0.11349884003201863,0.5903068780899048
42,2,18,-0.1815981440512298,0.0,0.4937437176704407
42,2,19,-0.19673132272216562,-0.16646496538029398,0.5931119322776794
42,2,20,-0.22699768006403725,-0.037832946677339545,0.4918552339076996
42,2,21,-0.1815981440512298,-0.21186450139310142,0.5954599380493164
42,2,22,-0.21943109072856934,-0.08323248269014699,0.4827340543270111
42,2,23,0.0907990720256149,-0.030266357341871632,0.9920444488525392
42,2,24,-0.0907990720256149,0.030266357341871632,0.989898145198822
42,2,25,0.007566589335467908,0.9306904882625527,0.6756911873817444
42,2,26,-0.15133178670935818,0.915557309591617,0.610084056854248
42,2,27,0.022699768006403723,1.7251823684866832,0.6495572328567505
42,2,28,0.007566589335467908,1.7176157791512152,0.5997999310493469
42,2,29,0.1891647333866977,1.8538143871896375,0.7076282501220703
42,2,30,0.12863201870295443,1.8538143871896375,0.6222372055053711
42,2,31,-0.13619860803842235,2.080812067253675,0.7000064849853516
42,2,32,-0.1815981440512298,2.058112299247271,0.614642322063446
43,1,0,-0.1483946343210726,-1.3355517088896536,0.9887107610702516
43,1,1,-0.0741973171605363,-1.40974902605019,0.983654797077179
43,1,2,-0.05770902445819491,-1.4179931724013606,0.9858573079109192
43,1,3,-0.04122073175585351,-1.4179931724013606,0.9832380414009094
43,1,4,-0.11541804891638982,-1.40974902605019,0.986009120941162
43,1,5,-0.11541804891638982,-1.40974902605019,0.9875118732452391
43,1,6,-0.12366219526756052,-1.40974902605019,0.9857149720191956
43,1,7,-0.024732439053512103,-1.3932607333478486,0.9774079918861388
43,1,8,-0.10717390256521912,-1.3850165869966777,0.979401171207428
43,1,9,-0.09892975621404841,-1.2695985380802879,0.9639112949371338
43,1,10,-0.1483946343210726,-1.2778426844314588,0.967361330986023
43,1,11,0.008244146351170701,-1.0222741475451669,0.9937712550163268
43,1,12,-0.1483946343210726,-0.9728092694381427,0.9946014881134032
43,1,13,0.21434780513043825,-0.5523578055284369,0.5390987396240234
43,1,14,-0.19785951242809682,-0.41220731755853507,0.5327068567276001
43,1,15,0.06595317080936561,-0.28854512229097456,0.5513780117034912
43,1,16,0.13190634161873122,-0.30503341499331593,0.5404090881347656
43,1,17,0.32976585404682807,-0.22259195148160893,0.5544644594192505
43,1,18,0.28030097593980385,-0.21434780513043825,0.5378149747848511
43,1,19,0.32976585404682807,-0.2555685368862917,0.5581708550453186
43,1,20,0.28030097593980385,-0.30503341499331593,0.5360102653503418
43,1,21,0.26381268323746243,-0.28854512229097456,0.5610905289649963
43,1,22,0.20610365877926753,-0.3380100003979988,0.525797963142395
43,1,23,0.032976585404682804,-0.008244146351170701,0.9915052652359008
43,1,24,-0.032976585404682804,0.008244146351170701,0.9897838830947876
43,1,25,0.0,0.9563209767358013,0.6618589162826538
43,1,26,-0.09068560986287771,0.9563209767358013,0.6407496333122253
43,1,27,-0.11541804891638982,1.6158526848294574,0.6384451389312744
43,1,28,-0.14015048796990193,1.7477590264481886,0.6284148097038269
43,1,29,-0.21434780513043825,1.8137121972575543,0.698130190372467
43,1,30,-0.24732439053512104,1.9126419534716026,0.6432555913925171
43,1,31,-0.09068560986287771,1.9208860998227735,0.6950027346611023
43,1,32,-0.16488292702341403,2.0033275633344805,0.6378133296966553
43,2,0,-0.19915893532855744,-1.3263985092881925,0.989355444908142
43,2,1,-0.14339443343656136,-1.3980957260064732,0.9846366047859192
43,2,2,-0.11949536119713447,-1.4060620834196156,0.9866835474967957
43,2,3,-0.10356264637084987,-1.4060620834196156,0.9844448566436768
43,2,4,-0.18322622050227286,-1.3980957260064732,0.9865010976791382
43,2,5,-0.18322622050227286,-1.4060620834196156,0.9874924421310424
43,2,6,-0.19119257791541514,-1.4060620834196156,0.985795795917511
43,2,7,-0.05576450189199608,-1.3741966537670465,0.979199469089508
43,2,8,-0.15932714826284597,-1.3741966537670465,0.977893590927124
43,2,9,-0.16729350567598825,-1.2626676499830543,0.9670038223266602
43,2,10,-0.21509165015484205,-1.2706340073961966,0.9693392515182496
43,2,11,-0.015932714826284597,-1.0236769275887854,0.9943836331367492
43,2,12,-0.16729350567598825,-0.9679124256967891,0.9941762685775756
43,2,13,0.3106879391125496,-0.5138300531476782,0.5850023031234741
43,2,14,-0.22305800756798433,-0.4580655512556821,0.4915615320205688
43,2,15,-0.05576450189199608,-0.25890661592712466,0.5959184765815735
43,2,16,-0.16729350567598825,-0.1792430417957017,0.5112343430519104
43,2,17,-0.12746171861027678,-0.13144489731684791,0.5981736779212952
43,2,18,-0.18322622050227286,-0.019915893532855746,0.5115064978599548
43,2,19,-0.20712529274169975,-0.21110847144827088,0.6014398336410522
43,2,20,-0.19119257791541514,-0.051781323185424936,0.5097197890281677
43,2,21,-0.18322622050227286,-0.25890661592712466,0.6034775972366333
43,2,22,-0.20712529274169975,-0.1633103269694171,0.500877320766449
43,2,23,0.05576450189199608,-0.03584860835914034,0.9920659065246582
43,2,24,-0.05576450189199608,0.03584860835914034,0.9901117086410522
43,2,25,0.0,0.93604699604422,0.6916866302490234
43,2,26,-0.11949536119713447,0.9519797108705046,0.6364551186561584
43,2,27,0.18322622050227286,1.7964135966635881,0.6688101291656494
43,2,28,0.11949536119713447,1.7326827373584497,0.6351532340049744
43,2,29,0.31865429652569194,1.9477743875132918,0.7171498537063599
43,2,30,0.2708561520468381,1.9079426004475804,0.6490112543106079
43,2,31,-0.07169721671828068,2.0991351783629955,0.7195700407028198
43,2,32,-0.10356264637084987,2.0513370338841415,0.6446796655654907
44,1,0,-0.003848289214420224,-1.323811489760557,0.9804404973983764
44,1,1,-0.034634602929782016,-1.3930806956201212,0.9748666882514954
44,1,2,-0.04233118135862247,-1.4007772740489617,0.9770776629447936
44,1,3,-0.05002775978746291,-1.4007772740489617,0.9763588309288024
44,1,4,-0.057724338216303364,-1.3930806956201212,0.977787435054779
44,1,5,-0.07311749507398427,-1.3930806956201212,0.97918963432312
44,1,6,-0.08851065193166516,-1.3930806956201212,0.9776129126548768
44,1,7,-0.02693802450094157,-1.3699909603335998,0.9685755968093872
44,1,8,-0.11929696564702695,-1.3622943819047595,0.9629662036895752
44,1,9,-0.02693802450094157,-1.2622388623298335,0.9512911438941956
44,1,10,-0.05002775978746291,-1.2622388623298335,0.9515587091445924
44,1,11,-0.0962072303605056,-1.0159483526069393,0.991477906703949
44,1,12,-0.1423867009335483,-0.9697688820338966,0.9937961101531982
44,1,13,-0.019241446072101123,-0.531063911589991,0.535550594329834
44,1,14,-0.10390380878934606,-0.4848844410169483,0.534644603729248
44,1,15,-0.02693802450094157,-0.42331181358622466,0.5423353314399719
44,1,16,0.2886216910815168,-0.5695468037341932,0.548930287361145
44,1,17,0.18086959307775055,-0.43870497044390555,0.5461794137954712
44,1,18,0.3886772106564427,-0.5849399605918741,0.5481628775596619
44,1,19,0.24244222050847414,-0.4925810194457887,0.5495338439941406
44,1,20,0.3655874753699213,-0.6465125880225977,0.5461639165878296
44,1,21,0.13469012250470785,-0.45409812730158644,0.5520246028900146
44,1,22,0.31940800479687864,-0.6388160095937573,0.5342248678207397
44,1,23,0.034634602929782016,-0.038482892144202245,0.989944875240326
44,1,24,-0.034634602929782016,0.038482892144202245,0.9891270399093628
44,1,25,-0.05002775978746291,0.8697133624589707,0.6449875235557556
44,1,26,-0.057724338216303364,0.8697133624589707,0.6556386947631836
44,1,27,-0.1116003872181865,1.4392601661931639,0.6375254988670349
44,1,28,-0.13469012250470785,1.5316191073392493,0.6592759490013123
44,1,29,-0.24244222050847414,1.6162814700564943,0.6929460763931274
44,1,30,-0.24244222050847414,1.662460940629537,0.6721915602684021
44,1,31,0.011544867643260672,1.6778540974872178,0.6910491585731506
44,1,32,0.003848289214420224,1.747123303346782,0.6639899611473083
44,2,0,-0.27630992960330275,-1.3220905492411195,0.9823524951934814
44,2,1,-0.2972954938769713,-1.3850472420621252,0.977339506149292
44,2,2,-0.30429068196819414,-1.3850472420621252,0.9793302416801452
44,2,3,-0.2833051176945256,-1.3850472420621252,0.9786861538887024
44,2,4,-0.31828105815063984,-1.3850472420621252,0.9799514412879944
44,2,5,-0.3252762462418627,-1.3850472420621252,0.981211245059967
44,2,6,-0.3252762462418627,-1.3850472420621252,0.9797957539558412
44,2,7,-0.16438692014373707,-1.3640616777884564,0.9716616272926332
44,2,8,-0.2343388010559656,-1.3570664896972338,0.9665763974189758
44,2,9,-0.2833051176945256,-1.2591338564201138,0.956113338470459
44,2,10,-0.30429068196819414,-1.2591338564201138,0.9563133120536804
44,2,11,-0.031478346410502844,-1.007307085136091,0.992312788963318
44,2,12,-0.19936286059985134,-0.9793263327711995,0.99421364068985
44,2,13,0.01049278213683428,-0.4197112854733712,0.5814924240112305
44,2,14,-0.10143022732273138,-0.44769203783826267,0.4957506358623504
44,2,15,-0.36724737478919983,-0.49665835447682266,0.5871745944023132
44,2,16,-0.08743985114028567,-0.24483158319279988,0.5219035148620605
44,2,17,-0.4791703842487655,-0.4826679782943769,0.5897461771965027
44,2,18,-0.2343388010559656,-0.24483158319279988,0.5219680070877075
44,2,19,-0.48616557233998836,-0.5386294830241598,0.592600405216217
44,2,20,-0.21335323678229703,-0.20286045464546276,0.5202323198318481
44,2,21,-0.4581848199750969,-0.5316342949329369,0.5937087535858154
44,2,22,-0.1923676725086285,-0.25182677128402275,0.5092961192131042
44,2,23,0.0524639106841714,-0.006995188091222854,0.9906545281410216
44,2,24,-0.0524639106841714,0.006995188091222854,0.989296853542328
44,2,25,-0.12241579159639994,0.7834610662169597,0.678938090801239
44,2,26,-0.0384735345017257,0.7344947495783997,0.6505647897720337
44,2,27,0.11542060350517709,1.4689894991567993,0.6709681153297424
44,2,28,0.08743985114028567,1.2801194206937823,0.6600568294525146
44,2,29,0.24133398914718845,1.6158884490724792,0.7200695872306824
44,2,30,0.2063580486910742,1.4200231825182394,0.6772805452346802
44,2,31,-0.262319553420857,1.6578595776198164,0.7180004715919495
44,2,32,-0.15039654396129137,1.4969702515216907,0.6728655099868774
45,1,0,-0.003601645607656251,-1.3398121660481255,0.9837478399276732
45,1,1,-0.046821392899531265,-1.4046417869859378,0.9789597392082214
45,1,2,-0.05402468411484376,-1.4046417869859378,0.9807042479515076
45,1,3,-0.032414810468906256,-1.4046417869859378,0.980213463306427
45,1,4,-0.06843126654546877,-1.4046417869859378,0.9813475012779236
45,1,5,-0.07563455776078128,-1.4118450782012504,0.9824408888816832
45,1,6,-0.06843126654546877,-1.4118450782012504,0.981175661087036
45,1,7,0.018008228038281254,-1.3830319133400004,0.973310887813568
45,1,8,-0.05402468411484376,-1.3758286221246878,0.9686495065689088
45,1,9,-0.018008228038281254,-1.2821858363256253,0.9591615200042723
45,1,10,-0.05402468411484376,-1.2821858363256253,0.9593749642372132
45,1,11,-0.032414810468906256,-0.9940541877131253,0.9926000237464904
45,1,12,-0.10444772262203128,-1.0012574789284379,0.9945966005325316
45,1,13,0.05402468411484376,-0.4321974729187501,0.5442596077919006
45,1,14,0.032414810468906256,-0.48262051142593765,0.5442282557487488
45,1,15,0.27012342057421884,-0.3025382310431251,0.5525479316711426
45,1,16,0.33495304151203137,-0.8788015282681252,0.5660903453826904
45,1,17,0.39978266244984384,-0.25931848375125005,0.5548554062843323
45,1,18,0.4069859536651564,-0.9508344404212503,0.5638713240623474
45,1,19,0.43579911852640635,-0.2737250661818751,0.5586839914321899
45,1,20,0.37817278880390637,-0.9940541877131253,0.56208735704422
45,1,21,0.39257937123453135,-0.2737250661818751,0.5595283508300781
45,1,22,0.34935962394265635,-0.9796476052825003,0.5498230457305908
45,1,23,0.03961810168421876,-0.007203291215312502,0.9910904169082642
45,1,24,-0.03961810168421876,0.007203291215312502,0.9897262454032898
45,1,25,0.06843126654546877,0.6915159566700002,0.6438905596733093
45,1,26,0.03961810168421876,0.7203291215312502,0.6603331565856934
45,1,27,-0.1332608874832813,1.289389127540938,0.6425243616104126
45,1,28,-0.1620740523445313,1.3398121660481255,0.6702467799186707
45,1,29,-0.24131025571296882,1.433454951847188,0.6902751326560974
45,1,30,-0.27012342057421884,1.476674699139063,0.6848767995834351
45,1,31,-0.010804936822968753,1.4838779903543755,0.6996556520462036
45,1,32,0.09004114019140627,1.5415043200768754,0.6849175095558167
45,2,0,-0.3304093002275449,-1.3620205598268795,0.9853363037109376
45,2,1,-0.34509415801543575,-1.4281024198723884,0.9810311198234558
45,2,2,-0.34509415801543575,-1.4281024198723884,0.9826021790504456
45,2,3,-0.31572444243965403,-1.4281024198723884,0.9821636080741882
45,2,4,-0.3671214446972721,-1.4354448487663338,0.9831734299659728
45,2,5,-0.35977901580332666,-1.4354448487663338,0.9841590523719788
45,2,6,-0.34509415801543575,-1.4354448487663338,0.9830259084701538
45,2,7,-0.1909031512425815,-1.3987327042966067,0.9759395718574524
45,2,8,-0.2423001535001996,-1.406075133190552,0.9717236757278442
45,2,9,-0.32306687133359946,-1.2812538419934796,0.963172197341919
45,2,10,-0.35243658690938123,-1.288596270887425,0.9633262753486632
45,2,11,-0.058739431151563534,-1.0022415440235528,0.9933083653450012
45,2,12,-0.20558800903047236,-0.9802142573417165,0.9949139952659608
45,2,13,-0.23495772460625414,-0.45890180587159013,0.5887092351913452
45,2,14,-0.13950614898496339,-0.4515593769776447,0.4958253502845764
45,2,15,-0.49928516478829005,-0.6351200993262808,0.5926838517189026
45,2,16,-0.16153343566679973,-0.29002594131084497,0.5207668542861938
45,2,17,-0.6094215981974717,-0.7085443882657352,0.5910740494728088
45,2,18,-0.16887586456074516,-0.20191679458349965,0.5219584703445435
45,2,19,-0.5873943115156354,-0.7452565327354623,0.5940120816230774
45,2,20,-0.1909031512425815,-0.18723193679560876,0.5206084847450256
45,2,21,-0.5506821670459081,-0.7305716749475715,0.592155396938324
45,2,22,-0.12482129119707251,-0.19457436568955422,0.5097042322158813
45,2,23,0.044054573363672654,-0.003671214446972721,0.991799533367157
45,2,24,-0.044054573363672654,0.003671214446972721,0.9903944730758668
45,2,25,-0.10279400451523618,0.7746262483112442,0.678223729133606
45,2,26,-0.08810914672734531,0.7379141038415169,0.6656798124313354
45,2,27,0.07342428893945442,1.5455812821755155,0.6766566038131714
45,2,28,0.10279400451523618,1.369362988720825,0.68113112449646
45,2,29,0.21293043792441782,1.6777450022665334,0.7189626097679138
45,2,30,0.21293043792441782,1.5162115665997338,0.6936181783676147
45,2,31,-0.27166986907598134,1.6924298600544243,0.7265725135803223
45,2,32,-0.12482129119707251,1.552923711069461,0.6954478025436401
46,1,0,0.07561882550236293,-1.364919800317651,0.9846878051757812
46,1,1,0.030247530200945175,-1.4329767432697775,0.97923082113266
46,1,2,0.015123765100472588,-1.4329767432697775,0.9805296659469604
46,1,3,0.04537129530141776,-1.440538625820014,0.9810813069343568
46,1,4,0.02268564765070888,-1.440538625820014,0.9814226031303406
46,1,5,0.02268564765070888,-1.440538625820014,0.9818565845489502
46,1,6,0.02268564765070888,-1.440538625820014,0.981098771095276
46,1,7,0.06049506040189035,-1.4102910956190688,0.9717246294021606
46,1,8,0.030247530200945175,-1.4102910956190688,0.9671008586883544
46,1,9,0.06049506040189035,-1.289300974815288,0.961285412311554
46,1,10,0.037809412751181465,-1.289300974815288,0.9621373414993286
46,1,11,0.0,-0.9943875553560726,0.993415594100952
46,1,12,-0.1209901208037807,-1.001949437906309,0.995121955871582
46,1,13,0.09830447315307182,-0.43480824663858686,0.5492638349533081
46,1,14,0.10586635570330812,-0.44993201173905945,0.5443066358566284
46,1,15,0.3554084798611058,-0.3213800083850425,0.5721570253372192
46,1,16,0.3478465973108695,-0.850711786901583,0.5666628479957581
46,1,17,0.4688367181146502,-0.31381812583480617,0.5715118646621704
46,1,18,0.4461510704639413,-0.9490162600546548,0.5665814876556396
46,1,19,0.5142080134160679,-0.31381812583480617,0.5758144855499268
46,1,20,0.41590354026299614,-0.9943875553560726,0.5651746392250061
46,1,21,0.4612748355644139,-0.31381812583480617,0.5731906890869141
46,1,22,0.38565601006205097,-0.9641400251551274,0.5531318783760071
46,1,23,0.05293317785165406,-0.003780941275118147,0.991718053817749
46,1,24,-0.05293317785165406,0.003780941275118147,0.9900924563407898
46,1,25,0.16636141610519845,0.7145979009973298,0.6324864625930786
46,1,26,0.037809412751181465,0.7297216660978023,0.6648867726325989
46,1,27,-0.11342823825354441,1.38760544796836,0.6341143846511841
46,1,28,-0.13611388590425327,1.4481005083702503,0.6785484552383423
46,1,29,-0.21173271140661623,1.5237193338726132,0.6770558953285217
46,1,30,-0.2419802416075614,1.5766525117242671,0.6865084171295166
46,1,31,0.05293317785165406,1.5388430989730857,0.6940265893936157
46,1,32,0.12855200335401698,1.6144619244754486,0.6979795098304749
46,2,0,-0.2890235305306058,-1.384270593593954,0.9862010478973388
46,2,1,-0.2890235305306058,-1.4603294174177976,0.9812906980514526
46,2,2,-0.3042352952953745,-1.4603294174177976,0.9824596047401428
46,2,3,-0.2662058833834527,-1.4603294174177976,0.9829576015472412
46,2,4,-0.29662941291299016,-1.4603294174177976,0.9832605719566344
46,2,5,-0.29662941291299016,-1.4603294174177976,0.9836514592170716
46,2,6,-0.29662941291299016,-1.467935299800182,0.9829725623130798
46,2,7,-0.15972353003007161,-1.4299058878882602,0.9745315313339232
46,2,8,-0.2053588243243778,-1.4375117702706446,0.9703588485717772
46,2,9,-0.2662058833834527,-1.3082117697701103,0.9651272892951964
46,2,10,-0.2890235305306058,-1.3158176521524947,0.9658756852149964
46,2,11,-0.022817647147153088,-0.9887647097099671,0.9940472841262816
46,2,12,-0.2205705890891465,-0.9963705920923516,0.9954918026924132
46,2,13,-0.13690588288291852,-0.4259294134135243,0.5932111740112305
46,2,14,-0.11408823573576544,-0.4259294134135243,0.4987417757511139
46,2,15,-0.4715647077078305,-0.6388941201202865,0.6102102398872375
46,2,16,-0.11408823573576544,-0.1445117652653029,0.5245609879493713
46,2,17,-0.5780470610612116,-0.7073470615617458,0.6054260730743408
46,2,18,-0.2053588243243778,-0.07605882382384363,0.5270686745643616
46,2,19,-0.5552294139140584,-0.7529823558560519,0.6087902188301086
46,2,20,-0.2053588243243778,-0.08366470620622798,0.5260932445526123
46,2,21,-0.5172000020021367,-0.7377705910912832,0.6035654544830322
46,2,22,-0.1825411771772247,-0.11408823573576544,0.5154802203178406
46,2,23,0.08366470620622798,0.0,0.992370069026947
46,2,24,-0.08366470620622798,0.0,0.9907522201538086
46,2,25,-0.038029411911921815,0.775800003003205,0.6657090783119202
46,2,26,-0.08366470620622798,0.7225588263265145,0.6521441340446472
46,2,27,0.11408823573576544,1.6048411826831006,0.6675305962562561
46,2,28,0.12930000050053417,1.4375117702706446,0.6782433986663818
46,2,29,0.250994118618684,1.764564712713172,0.7050947546958923
46,2,30,0.250994118618684,1.5820235355359475,0.6892006993293762
46,2,31,-0.2205705890891465,1.7569588303307877,0.7194710969924927
46,2,32,-0.09127058858861235,1.612447065065485,0.7010834813117981
47,1,0,0.12153498920256361,-1.3251234306602098,0.9874303340911864
47,1,1,0.09801208806658356,-1.3956921340681498,0.9830328822135924
47,1,2,0.09017112102125686,-1.3956921340681498,0.9840553998947144
47,1,3,0.10585305511191023,-1.3956921340681498,0.9845397472381592
47,1,4,0.08233015397593019,-1.4035331011134764,0.9847887754440308
47,1,5,0.06664821988527682,-1.4113740681588032,0.9851077795028688
47,1,6,0.058807252839950135,-1.41921503520413,0.9845407605171204
47,1,7,0.13721692329321697,-1.3956921340681498,0.9768631458282472
47,1,8,0.05096628579462345,-1.4113740681588032,0.9732107520103456
47,1,9,0.10585305511191023,-1.2702366613429228,0.9684431552886964
47,1,10,0.0744891869306035,-1.2780776283882496,0.9691565632820128
47,1,11,0.11369402215723692,-0.9801208806658356,0.9944371581077576
47,1,12,-0.16073982442919704,-1.019325715892469,0.9959051609039308
47,1,13,0.1842627255651771,-0.47829898976492774,0.5567790865898132
47,1,14,0.10585305511191023,-0.48613995681025446,0.5473394393920898
47,1,15,0.29403626419975065,-0.9409160454392022,0.6124935746192932
47,1,16,0.2705133630637706,-0.9879618477111622,0.570706307888031
47,1,17,0.38028690169834417,-1.042848617028449,0.6069743037223816
47,1,18,0.3254001323810574,-1.0977353863457358,0.5716801881790161
47,1,19,0.3567640005623641,-1.0977353863457358,0.6089022755622864
47,1,20,0.286195297154424,-1.144781188617696,0.5704725980758667
47,1,21,0.29403626419975065,-1.0506895840737758,0.6027697324752808
47,1,22,0.26267239601844394,-1.113417320436389,0.5595571994781494
47,1,23,0.10585305511191023,0.007840967045326684,0.9924917221069336
47,1,24,-0.10585305511191023,-0.007840967045326684,0.990967094898224
47,1,25,0.16073982442919704,0.7684147704420151,0.6283425092697144
47,1,26,-0.08233015397593019,0.7997786386233218,0.6530001759529114
47,1,27,-0.15289885738387035,1.5054656727027234,0.6263394951820374
47,1,28,-0.1842627255651771,1.5760343761106637,0.663051426410675
47,1,29,-0.26267239601844394,1.662285013609257,0.6690341234207153
47,1,30,-0.30187723124507737,1.7014898488358905,0.6725819706916809
47,1,31,0.003920483522663342,1.7328537170171971,0.6865100860595703
47,1,32,0.06664821988527682,1.7955814533798107,0.6894867420196533
47,2,0,-0.24323131316244176,-1.334086899466726,0.9886547327041626
47,2,1,-0.23586066730903443,-1.400422712147392,0.984700620174408
47,2,2,-0.24323131316244176,-1.3930520662939847,0.9856218695640564
47,2,3,-0.22111937560221978,-1.3930520662939847,0.9860597848892212
47,2,4,-0.2506019590158491,-1.4077933580007993,0.986267387866974
47,2,5,-0.25797260486925644,-1.4151640038542066,0.986552894115448
47,2,6,-0.26534325072266374,-1.4151640038542066,0.9860475659370422
47,2,7,-0.15478356292155385,-1.3709401287337628,0.9791420102119446
47,2,8,-0.1990074380419978,-1.400422712147392,0.9758260250091552
47,2,9,-0.2284900214556271,-1.260380440932653,0.9715459942817688
47,2,10,-0.2506019590158491,-1.2751217326394675,0.97216534614563
47,2,11,-0.044223875120443956,-0.972925252649767,0.9949382543563844
47,2,12,-0.15478356292155385,-1.017149127770211,0.9960410594940186
47,2,13,-0.12530097950792454,-0.4569800429112542,0.5992661714553833
47,2,14,-0.10318904194770256,-0.4864626263248835,0.4961565434932709
47,2,15,-0.43486810535103226,-0.8549949189952498,0.6449903249740601
47,2,16,-0.1990074380419978,-0.6043929599794008,0.5201318264007568
47,2,17,-0.5012039180316982,-0.9360720233827304,0.6361256241798401
47,2,18,-0.2284900214556271,-0.6633581268066594,0.5236343145370483
47,2,19,-0.4790919804714762,-0.972925252649767,0.6375597715377808
47,2,20,-0.23586066730903443,-0.8918481482622865,0.5230772495269775
47,2,21,-0.4569800429112542,-0.9508133150895451,0.6301179528236389
47,2,22,-0.2284900214556271,-0.8034003980213986,0.5137580633163452
47,2,23,0.007370645853407326,0.022111937560221978,0.992922306060791
47,2,24,-0.007370645853407326,-0.022111937560221978,0.9913015961647034
47,2,25,0.022111937560221978,0.8771068565554718,0.6616351008415222
47,2,26,0.022111937560221978,0.7518058770475473,0.6417491436004639
47,2,27,0.09581839609429524,1.6289127336030191,0.6586864590644836
47,2,28,0.16215420877496117,1.4372759414144287,0.6644065976142883
47,2,29,0.1990074380419978,1.761584358964351,0.6963511109352112
47,2,30,0.2506019590158491,1.6215420877496118,0.6798247694969177
47,2,31,-0.23586066730903443,1.805808234084795,0.7081132531166077
47,2,32,-0.07370645853407326,1.6215420877496118,0.6891026496887207
48,1,0,0.16980044033461952,-1.271616630950373,0.9897444248199464
48,1,1,0.16980044033461952,-1.3395368070842206,0.9861913323402404
48,1,2,0.16980044033461952,-1.3395368070842206,0.9870109558105468
48,1,3,0.16980044033461952,-1.3395368070842206,0.9874189496040344
48,1,4,0.13961369538624271,-1.3470834933213147,0.987588346004486
48,1,5,0.12452032291205431,-1.354630179558409,0.9878284335136414
48,1,6,0.1018802642007717,-1.3621768657955031,0.9873852133750916
48,1,7,0.15470706786043112,-1.3319901208471263,0.9811586737632751
48,1,8,0.07169351925239491,-1.3621768657955031,0.9781916737556458
48,1,9,0.14716038162333692,-1.2112431410536193,0.9743409156799316
48,1,10,0.11697363667496011,-1.2187898272907134,0.9748958349227904
48,1,11,0.12452032291205431,-0.977295867703699,0.9954021573066713
48,1,12,-0.14716038162333692,-1.0225759851262641,0.9964003562927246
48,1,13,0.1999871852829963,-0.5471347521893295,0.6021196842193604
48,1,14,0.09433357796367751,-0.5094013210038586,0.5444760918617249
48,1,15,0.32828085131359774,-0.977295867703699,0.6736593842506409
48,1,16,0.13961369538624271,-1.0678561025488293,0.5670269131660461
48,1,17,0.4188410861587281,-1.0754027887859237,0.6627357602119446
48,1,18,0.12452032291205431,-1.1886030823423366,0.5691132545471191
48,1,19,0.4112943999216339,-1.0980428474972062,0.663554847240448
48,1,20,0.08678689172658331,-1.2338831997649018,0.5683454275131226
48,1,21,0.37356096873616296,-1.0754027887859237,0.6552942991256714
48,1,22,0.09433357796367751,-1.196149768579431,0.5588043332099915
48,1,23,0.08678689172658331,0.0037733431185471003,0.9933072924613952
48,1,24,-0.08678689172658331,-0.0037733431185471003,0.9917475581169128
48,1,25,0.1018802642007717,0.7735353393021556,0.6401681900024414
48,1,26,-0.1018802642007717,0.7659886530650614,0.6512986421585083
48,1,27,-0.14716038162333692,1.4753771593519163,0.6387025117874146
48,1,28,-0.16225375409752532,1.543297335485764,0.6709590554237366
48,1,29,-0.2679073614168441,1.581030766671235,0.6792376041412354
48,1,30,-0.28300073389103253,1.694231060227648,0.6799856424331665
48,1,31,-0.018866715592735502,1.7395111776502132,0.6973375082015991
48,1,32,0.0339600880669239,1.7772446088356844,0.6976259350776672
48,2,0,-0.22754700311799983,-1.2794856076962942,0.9907264709472656
48,2,1,-0.1902442157216064,-1.3466306250098024,0.987534761428833
48,2,2,-0.18278365824232773,-1.3466306250098024,0.9882704019546508
48,2,3,-0.17532310076304905,-1.3466306250098024,0.9886426329612732
48,2,4,-0.2051653306801638,-1.354091182489081,0.9887815117836
48,2,5,-0.2051653306801638,-1.3615517399683597,0.9889878034591676
48,2,6,-0.2051653306801638,-1.3690122974476384,0.9885990023612976
48,2,7,-0.12309919840809827,-1.3391700675305236,0.9829943180084229
48,2,8,-0.1902442157216064,-1.3615517399683597,0.980309247970581
48,2,9,-0.21262588815944247,-1.2272617053413433,0.9768221974372864
48,2,10,-0.22754700311799983,-1.234722262820622,0.9773026704788208
48,2,11,-0.02611195117747539,-0.9736027510458681,0.9958289265632628
48,2,12,-0.152941428325213,-1.0183660959215401,0.9965276718139648
48,2,13,-0.07087529605314749,-0.5483509747269832,0.6405181884765625
48,2,14,-0.07833585353242617,-0.5110481873305898,0.4931707680225372
48,2,15,-0.33945536530718007,-0.8542338313774092,0.7033284306526184
48,2,16,-0.13802031336665563,-0.436442612537803,0.5158333778381348
48,2,17,-0.4140609400999669,-0.9586816360873107,0.6914776563644409
48,2,18,-0.152941428325213,-0.42152149757924556,0.5202295184135437
48,2,19,-0.3767581527035735,-0.9959844234837042,0.6919960379600525
48,2,20,-0.18278365824232773,-0.48120595741347505,0.5197161436080933
48,2,21,-0.33945536530718007,-0.9661421935665895,0.6826333999633789
48,2,22,-0.18278365824232773,-0.48120595741347505,0.5114251375198364
48,2,23,0.02611195117747539,0.0037302787396393416,0.993809163570404
48,2,24,-0.02611195117747539,-0.0037302787396393416,0.992236077785492
48,2,25,-0.011190836218918025,0.8094704865017371,0.6691312789916992
48,2,26,0.0037302787396393416,0.7721676991053437,0.6234416961669922
48,2,27,0.08579641101170485,1.6898162690566216,0.6687116622924805
48,2,28,0.12309919840809827,1.6226712517431137,0.655785322189331
48,2,29,0.1902442157216064,1.824106303683638,0.7034395337104797
48,2,30,0.22008644563872115,1.7868035162872447,0.6645327806472778
48,2,31,-0.1977047732008851,1.9807780107484902,0.7212730646133423
48,2,32,-0.11563864092881959,1.824106303683638,0.6911506056785583
49,1,0,0.21177741343618692,-1.2409413348716918,0.9915722608566284
49,1,1,0.21920819987254436,-1.3003876263625513,0.9887067675590516
49,1,2,0.21920819987254436,-1.3003876263625513,0.9893507361412048
49,1,3,0.21920819987254436,-1.3003876263625513,0.9897120594978333
49,1,4,0.19691584056347206,-1.3078184127989088,0.9898084998130798
49,1,5,0.1820542676907572,-1.3226799856716236,0.9899579882621764
49,1,6,0.1671926948180423,-1.330110772107981,0.989621102809906
49,1,7,0.15233112194532744,-1.3078184127989088,0.9845523238182068
49,1,8,0.08545404401811052,-1.330110772107981,0.9821573495864868
49,1,9,0.1671926948180423,-1.1889258298171899,0.9790576100349426
49,1,10,0.14490033550897,-1.1963566162535473,0.97947096824646
49,1,11,0.09288483045446795,-0.9957253824718965,0.9961979985237122
49,1,12,-0.1597619083816849,-1.0031561689082538,0.9968249797821044
49,1,13,0.21177741343618692,-0.5573089827268077,0.6355116367340088
49,1,14,0.11517718976354026,-0.49043190479959076,0.5402793884277344
49,1,15,0.3603931421633356,-0.9065559452356072,0.7197465896606445
49,1,16,0.13746954907261258,-1.0180177417809688,0.5624837875366211
49,1,17,0.44956257939962485,-0.988294596035539,0.7038533091545105
49,1,18,0.10774640332718283,-1.1517718976354026,0.5651892423629761
49,1,19,0.44956257939962485,-1.0031561689082538,0.7036688327789307
49,1,20,0.07059247114539564,-1.1740642569444748,0.564443051815033
49,1,21,0.4124086472178377,-0.988294596035539,0.6939035654067993
49,1,22,0.07802325758175307,-1.1369103247626877,0.5553068518638611
49,1,23,0.09288483045446795,0.0,0.9940178394317628
49,1,24,-0.09288483045446795,0.0,0.9924247860908508
49,1,25,0.10031561689082538,0.7282170707630288,0.647463858127594
49,1,26,-0.07802325758175307,0.750509430072101,0.634174644947052
49,1,27,-0.1597619083816849,1.4118494229079128,0.6490598917007446
49,1,28,-0.1597619083816849,1.5753267245077764,0.6660606265068054
49,1,29,-0.263792918490689,1.5084496465805595,0.6867349743843079
49,1,30,-0.24150055918161667,1.6496345888713508,0.6698922514915466
49,1,31,-0.026007752527251026,1.6942193074894953,0.7107928395271301
49,1,32,0.04830011183632334,1.8205426769075719,0.7021358013153076
49,2,0,-0.2200579439951649,-1.2396597511727623,0.9923895597457886
49,2,1,-0.1907168847958096,-1.3056771343713118,0.98981511592865
49,2,2,-0.1907168847958096,-1.298341869571473,0.9903935194015504
49,2,3,-0.18338161999597075,-1.298341869571473,0.9907222390174866
49,2,4,-0.19805214959564843,-1.3130123991711506,0.990794599056244
49,2,5,-0.1907168847958096,-1.3203476639709895,0.990917980670929
49,2,6,-0.1907168847958096,-1.3276829287708283,0.9906224608421326
49,2,7,-0.16137582559645428,-1.298341869571473,0.986072838306427
49,2,8,-0.2200579439951649,-1.3276829287708283,0.983880341053009
49,2,9,-0.2127226791953261,-1.1883128975738906,0.981095254421234
49,2,10,-0.2127226791953261,-1.1956481623737294,0.981421709060669
49,2,11,-0.04401158879903298,-0.997596012778081,0.996564507484436
49,2,12,-0.17604635519613193,-0.990260747978242,0.9969624280929564
49,2,13,-0.11002897199758245,-0.5208038007885569,0.6710561513900757
49,2,14,-0.1907168847958096,-0.4987980063890405,0.5011277198791504
49,2,15,-0.32275165119290855,-0.8728965111808208,0.746368944644928
49,2,16,-0.3667632399919415,-0.865561246380982,0.5398575663566589
49,2,17,-0.4107748287909745,-0.9682549535787256,0.7307652235031128
49,2,18,-0.4547864175900075,-0.990260747978242,0.5435122847557068
49,2,19,-0.3667632399919415,-1.0122665423777586,0.7304521799087524
49,2,20,-0.4401158879903298,-1.0196018071775974,0.541747510433197
49,2,21,-0.33008691599274737,-0.9829254831784032,0.7204836010932922
49,2,22,-0.4034395639911357,-0.990260747978242,0.5319491028785706
49,2,23,0.04401158879903298,0.0,0.9944935441017152
49,2,24,-0.04401158879903298,0.0,0.9929629564285278
49,2,25,-0.04401158879903298,0.8142143927821102,0.6737677454948425
49,2,26,-0.03667632399919415,0.7702028039830772,0.6056017279624939
49,2,27,0.13937003119693778,1.6651051095634144,0.6761858463287354
49,2,28,0.1687110903962931,1.6137582559645427,0.6484856009483337
49,2,29,0.23472847359484256,1.7898046111606747,0.7105520367622375
49,2,30,0.26406953279419787,1.7384577575618028,0.6568796634674072
49,2,31,-0.1467052959967766,1.9511804367571288,0.7332595586776733
49,2,32,-0.0733526479983883,1.8484867295593852,0.6938736438751221
50,1,0,0.22170426631006612,-1.2099792161329033,0.9927638173103333
50,1,1,0.22921966516803446,-1.27010240699665,0.9905022382736206
50,1,2,0.22921966516803446,-1.27010240699665,0.9909659028053284
50,1,3,0.22921966516803446,-1.27010240699665,0.991322934627533
50,1,4,0.20667346859412944,-1.2851332047125867,0.9913034439086914
50,1,5,0.19164267087819276,-1.292648603570555,0.9913122057914734
50,1,6,0.17661187316225607,-1.3001640024285235,0.9910898208618164
50,1,7,0.1465502777303827,-1.2851332047125867,0.9867352843284608
50,1,8,0.0789116880086676,-1.31519480014446,0.9850980043411256
50,1,9,0.18412727202022441,-1.157371424127125,0.9825278520584106
50,1,10,0.15406567658835105,-1.1724022218430616,0.982857584953308
50,1,11,0.07139628915069926,-0.984517250393853,0.9966782331466676
50,1,12,-0.13151948001444602,-1.0145788458257263,0.99721360206604
50,1,13,0.15406567658835105,-0.4885009257679423,0.6167815327644348
50,1,14,0.06388089029273092,-0.49601632462591067,0.5452700257301331
50,1,15,0.34195064803755965,-0.7966322789446444,0.7147083878517151
50,1,16,0.2893428560317812,-0.8717862675243279,0.5796098113059998
50,1,17,0.43213543433317975,-0.8793016663822962,0.7023792862892151
50,1,18,0.36449684461146464,-0.9694864526779163,0.5799487233161926
50,1,19,0.48474322633895817,-0.9243940595301062,0.7025138735771179
50,1,20,0.21418886745209778,-1.074702036689473,0.5778428912162781
50,1,21,0.41710463661724306,-0.8868170652402645,0.6931378841400146
50,1,22,0.22170426631006612,-1.0446404412575998,0.5648033618927002
50,1,23,0.10145788458257264,0.0,0.9942768812179564
50,1,24,-0.10145788458257264,0.0,0.9928978085517884
50,1,25,0.10145788458257264,0.7740860823707394,0.6477731466293335
50,1,26,-0.08642708686663594,0.789116880086676,0.6273360848426819
50,1,27,-0.10145788458257264,1.4955643727357004,0.6603091955184937
50,1,28,-0.18412727202022441,1.5932645578892888,0.6661610007286072
50,1,29,-0.19164267087819276,1.5556875635994472,0.6942923665046692
50,1,30,-0.2893428560317812,1.6609031476110039,0.6651466488838196
50,1,31,0.06388089029273092,1.773634130480529,0.7243080139160156
50,1,32,0.048850092576794235,1.8713343156341176,0.7085113525390625
50,2,0,-0.25692488905031796,-1.2213241102681782,0.9934577345848083
50,2,1,-0.21968939788360523,-1.273453797901576,0.9914256930351256
50,2,2,-0.20479520141692012,-1.2809008961349186,0.9918414950370787
50,2,3,-0.19734810318357757,-1.2809008961349186,0.99216628074646
50,2,4,-0.21968939788360523,-1.2883479943682612,0.9921321272850036
50,2,5,-0.21224229965026267,-1.2957950926016037,0.9921284914016724
50,2,6,-0.20479520141692012,-1.3032421908349463,0.9919379949569702
50,2,7,-0.19734810318357757,-1.2957950926016037,0.988026201725006
50,2,8,-0.24203069258363286,-1.3181363873016314,0.986522912979126
50,2,9,-0.2345835943502903,-1.1691944226347804,0.9842122197151184
50,2,10,-0.2345835943502903,-1.176641520868123,0.9844693541526794
50,2,11,-0.07074743321675422,-0.975569868567874,0.9969928860664368
50,2,12,-0.20479520141692012,-1.0053582615012442,0.997351884841919
50,2,13,-0.18245390671689246,-0.47661428693392316,0.6537849307060242
50,2,14,-0.2867132819836882,-0.5436381710340061,0.5117673873901367
50,2,15,-0.36118426431711365,-0.8042866092009954,0.7413464784622192
50,2,16,-0.37607846078379875,-0.8564162968343932,0.5660039782524109
50,2,17,-0.45799654135056683,-0.8787575915344209,0.7286785244941711
50,2,18,-0.45799654135056683,-0.9457814756345038,0.5665696859359741
50,2,19,-0.4133139519505115,-0.9308872791678187,0.7286703586578369
50,2,20,-0.4505494431172243,-0.9830169668012165,0.5637698769569397
50,2,21,-0.37607846078379875,-0.9159930827011337,0.7188078165054321
50,2,22,-0.3984197554838264,-0.9532285738678463,0.5502181649208069
50,2,23,0.07074743321675422,0.007447098233342549,0.994731903076172
50,2,24,-0.07074743321675422,-0.007447098233342549,0.9934396743774414
50,2,25,-0.011170647350013824,0.8564162968343932,0.679050087928772
50,2,26,-0.12287712085015207,0.8042866092009954,0.6203113198280334
50,2,27,0.21968939788360523,1.6830442007354163,0.6911227107048035
50,2,28,0.13777131731683717,1.6309145131020184,0.6727861762046814
50,2,29,0.32394877315040094,1.772409379535527,0.7197879552841187
50,2,30,0.2643719872836605,1.7351738883688141,0.6683149337768555
50,2,31,-0.033511942050041474,2.0107165230024884,0.7490764856338501
50,2,32,-0.07074743321675422,1.9362455406690628,0.7195364832878113
51,1,0,0.22251321910653796,-1.2257084103326243,0.993923842906952
51,1,1,0.23005604009320024,-1.2860509782259226,0.9921130537986756
51,1,2,0.23005604009320024,-1.2860509782259226,0.9924424886703492
51,1,3,0.23005604009320024,-1.2860509782259226,0.9927818775177002
51,1,4,0.20742757713321333,-1.3011366201992474,0.9926961064338684
51,1,5,0.19988475614655105,-1.3086794411859097,0.9926326870918274
51,1,6,0.18479911417322642,-1.3162222621725719,0.9924938082695008
51,1,7,0.1470850092399149,-1.3011366201992474,0.9887961149215698
51,1,8,0.09428526233327879,-1.3313079041458966,0.987662672996521
51,1,9,0.18479911417322642,-1.1729086634259882,0.985591471195221
51,1,10,0.1621706512132395,-1.1804514844126506,0.985806941986084
51,1,11,0.08674244134661649,-0.9843381387594305,0.9971880912780762
51,1,12,-0.15462783022657722,-1.0145094227060798,0.9975885152816772
51,1,13,0.13954218825325262,-0.48651195363971855,0.6075037717819214
51,1,14,0.05657115739996728,-0.5242260585730301,0.5573645234107971
51,1,15,0.3431983548931348,-0.8108532560661976,0.7217777967453003
51,1,16,0.17725629318656413,-0.9843381387594305,0.6065011620521545
51,1,17,0.44879784870640704,-0.8787386449461584,0.7087260484695435
51,1,18,0.20742757713321333,-1.0748519905993783,0.6046189069747925
51,1,19,0.49405477462638087,-0.9089099288928075,0.7090141773223877
51,1,20,0.13954218825325262,-1.1351945584926766,0.6016443967819214
51,1,21,0.42616938574642016,-0.8862814659328206,0.6996458768844604
51,1,22,0.1470850092399149,-1.0974804535593652,0.5863867402076721
51,1,23,0.1018280833199411,0.0037714104933311518,0.9947264790534972
51,1,24,-0.1018280833199411,-0.0037714104933311518,0.9932672381401062
51,1,25,0.07165679937329188,0.7882247931062107,0.6564781665802002
51,1,26,-0.1018280833199411,0.795767614092873,0.6435154676437378
51,1,27,-0.1470850092399149,1.444450218945831,0.6844180226325989
51,1,28,-0.21497039811987564,1.5726781757190902,0.692456841468811
51,1,29,-0.23759886107986256,1.542506891772441,0.7134062051773071
51,1,30,-0.3205698919331479,1.6556492065723756,0.6809377670288086
51,1,31,0.06411397838662958,1.7687915213723102,0.7496046423912048
51,1,32,0.02639987345331806,1.8593053732122578,0.7373146414756775
51,2,0,-0.2777987373209353,-1.2260184273763945,0.9945237636566162
51,2,1,-0.24075890567814393,-1.2852821580048608,0.992895245552063
51,2,2,-0.2259429730210274,-1.2852821580048608,0.9931910037994384
51,2,3,-0.21112704036391083,-1.2852821580048608,0.9934977293014526
51,2,4,-0.2481668720067022,-1.292690124333419,0.9934170842170716
51,2,5,-0.24075890567814393,-1.3000980906619772,0.993356704711914
51,2,6,-0.23335093934958565,-1.3075060569905355,0.9932342171669006
51,2,7,-0.20371907403535255,-1.292690124333419,0.9899096488952636
51,2,8,-0.25557483833526046,-1.3149140233190937,0.9888784289360046
51,2,9,-0.25557483833526046,-1.1741626630764865,0.9870162010192872
51,2,10,-0.26298280466381874,-1.1815706294050448,0.9871971011161804
51,2,11,-0.06296771379274534,-0.9741475722054131,0.9974605441093444
51,2,12,-0.23335093934958565,-1.0037794375196463,0.997768759727478
51,2,13,-0.18890314137823602,-0.485221794520567,0.6460685729980469
51,2,14,-0.2481668720067022,-0.5222616261633584,0.5283434391021729
51,2,15,-0.3592863669350763,-0.8037643466485728,0.7482377290725708
51,2,16,-0.403734164906426,-0.8482121446199224,0.592659592628479
51,2,17,-0.4555899292063339,-0.8778440099341556,0.7350199222564697
51,2,18,-0.4926297608491253,-0.9296997742340635,0.5894258618354797
51,2,19,-0.41855009756354256,-0.9222918079055052,0.735144853591919
51,2,20,-0.47781382819200874,-0.9741475722054131,0.585287868976593
51,2,21,-0.3741022995921929,-0.9074758752483887,0.7255199551582336
51,2,22,-0.44077399654921734,-0.94451570689118,0.5695544481277466
51,2,23,0.07037568012130362,-0.011111949492837413,0.9951711893081664
51,2,24,-0.07037568012130362,0.011111949492837413,0.9938338398933412
51,2,25,-0.07037568012130362,0.8778440099341556,0.6862278580665588
51,2,26,-0.15186330973544462,0.8259882456342477,0.6240442991256714
51,2,27,0.17408720872111946,1.670496407089891,0.7113973498344421
51,2,28,0.12223144442121153,1.6260486091185413,0.687874436378479
51,2,29,0.30002263630661014,1.774207935689707,0.7361629605293274
51,2,30,0.24075890567814393,1.7371681040469154,0.6770967245101929
51,2,31,-0.05555974746418706,2.0038548918750134,0.7709718942642212
51,2,32,-0.10000754543553671,1.9519991275751054,0.7389542460441589
52,1,0,0.2779177136915408,-1.2120300291547752,0.9946914911270142
52,1,1,0.2701977772001091,-1.2815094575776604,0.993254542350769
52,1,2,0.2701977772001091,-1.2815094575776604,0.993471622467041
52,1,3,0.2701977772001091,-1.2815094575776604,0.9938390851020812
52,1,4,0.25475790421724576,-1.289229394069092,0.993631899356842
52,1,5,0.23931803123438236,-1.2969493305605237,0.9934294819831848
52,1,6,0.23159809474295068,-1.312389203543387,0.9933475852012634
52,1,7,0.18527847579436052,-1.3046692670519555,0.9901238679885864
52,1,8,0.1312389203543387,-1.3355490130176821,0.9894624948501588
52,1,9,0.23931803123438236,-1.1579904737147533,0.9878327250480652
52,1,10,0.22387815825151897,-1.1734303466976166,0.9880560636520386
52,1,11,0.0694794284228852,-0.9804319344118245,0.9976083040237428
52,1,12,-0.11579904737147534,-1.019031616868983,0.997930645942688
52,1,13,0.15439872982863379,-0.470916125977333,0.6036394238471985
52,1,14,0.007719936491431689,-0.4940759354516281,0.5731952786445618
52,1,15,0.4245965070287429,-0.7874335221260322,0.7470399737358093
52,1,16,0.3165173961486992,-0.841473077566054,0.6310024857521057
52,1,17,0.5789952368573766,-0.8646328870403491,0.7354660630226135
52,1,18,0.44775631650303793,-0.9186724424803709,0.6264073252677917
52,1,19,0.5867151733488083,-0.9032325694975076,0.736003041267395
52,1,20,0.4091566340458795,-0.9881518709032562,0.6223123669624329
52,1,21,0.5172357449259232,-0.8955126330060759,0.7254647016525269
52,1,22,0.37055695158872104,-0.9572721249375294,0.6051124930381775
52,1,23,0.08491930140574858,0.0,0.994932234287262
52,1,24,-0.08491930140574858,0.0,0.9932381510734558
52,1,25,0.09263923789718026,0.818313268091759,0.655648946762085
52,1,26,-0.07719936491431689,0.818313268091759,0.6482940316200256
52,1,27,-0.07719936491431689,1.5285474253034743,0.6911382079124451
52,1,28,-0.17755853930292884,1.6289065996920864,0.7038988471031189
52,1,29,-0.16211866632006547,1.6057467902177913,0.720589816570282
52,1,30,-0.2624778407086774,1.713825901097835,0.6881887316703796
52,1,31,0.15439872982863379,1.8450648214521737,0.7572610378265381
52,1,32,0.09263923789718026,1.914544249875059,0.7502573728561401
52,2,0,-0.28899213234625387,-1.2272782763275976,0.9952138662338256
52,2,1,-0.25896697573885086,-1.2948348786942543,0.9939215779304504
52,2,2,-0.24395439743514935,-1.2948348786942543,0.994116485118866
52,2,3,-0.22894181913144784,-1.2948348786942543,0.9944481253623962
52,2,4,-0.2664732648907016,-1.302341167846105,0.9942585825920104
52,2,5,-0.25896697573885086,-1.3173537461498066,0.994074046611786
52,2,6,-0.2514606865870001,-1.3248600353016573,0.9940029382705688
52,2,7,-0.16138521676479112,-1.3173537461498066,0.9911012649536132
52,2,8,-0.19891666252404486,-1.3398726136053587,0.9905025362968444
52,2,9,-0.25896697573885086,-1.1747342522646422,0.9890310764312744
52,2,10,-0.2664732648907016,-1.1897468305683438,0.9892262816429138
52,2,11,-0.09382861439813436,-0.9870770234683736,0.9978373646736144
52,2,12,-0.17639779506849262,-0.9945833126202243,0.9980828166007996
52,2,13,-0.16889150591664187,-0.48415565029437335,0.6421184539794922
52,2,14,-0.18390408422034335,-0.4616367828388211,0.523918628692627
52,2,15,-0.37906760216846286,-0.8069260838239556,0.7697504162788391
52,2,16,-0.03377830118332837,-0.1914103733721941,0.5820459723472595
52,2,17,-0.4616367828388211,-0.8894952644943138,0.7573710680007935
52,2,18,-0.10133490354998512,-0.04879087948702987,0.5809415578842163
52,2,19,-0.4241053370795673,-0.9270267102535675,0.757720947265625
52,2,20,-0.11634748185368661,-0.041284590335179124,0.5773633122444153
52,2,21,-0.39408018047216437,-0.912014131949866,0.7467248439788818
52,2,22,-0.11634748185368661,-0.1313600601573881,0.5619383454322815
52,2,23,0.04879087948702987,-0.0037531445759253746,0.9953636527061462
52,2,24,-0.04879087948702987,0.0037531445759253746,0.9937860369682312
52,2,25,-0.04879087948702987,0.8744826861906123,0.6849286556243896
52,2,26,-0.10884119270183587,0.8219386621276571,0.6255970597267151
52,2,27,0.1463726384610896,1.722693360349747,0.7171457409858704
52,2,28,0.10133490354998512,1.6176053122238365,0.6929200887680054
52,2,29,0.28899213234625387,1.8578065650830604,0.7415571212768555
52,2,30,0.19891666252404486,1.7301996495015977,0.6771253943443298
52,2,31,-0.09382861439813436,1.9854134806645232,0.7768502831459045
52,2,32,-0.11634748185368661,1.8878317216904634,0.7458022236824036
53,1,0,0.29049158876976844,-1.2072377715107259,0.995487630367279
53,1,1,0.29049158876976844,-1.2751448961582041,0.9942534565925598
53,1,2,0.29049158876976844,-1.2751448961582041,0.9943771362304688
53,1,3,0.29049158876976844,-1.2826901322301463,0.9947234392166138
53,1,4,0.28294635269782636,-1.2902353683020884,0.9945896863937378
53,1,5,0.2678558805539423,-1.2977806043740303,0.9943894147872924
53,1,6,0.26031064448200025,-1.3053258404459724,0.994369387626648
53,1,7,0.21503922805034806,-1.2902353683020884,0.991134524345398
53,1,8,0.16976781161869584,-1.3279615486617986,0.9912062883377076
53,1,9,0.24522017233811622,-1.1544211190071316,0.989788055419922
53,1,10,0.23012970019423212,-1.1695115911510157,0.9900808334350586
53,1,11,0.10940592304315953,-0.9808806893524649,0.997937262058258
53,1,12,-0.06413450661150731,-1.018606869712175,0.998263418674469
53,1,13,0.12449639518704361,-0.49798558074817445,0.5867680311203003
53,1,14,0.011317854107913056,-0.4527141643165222,0.570915937423706
53,1,15,0.3282177691294786,-0.47534987253234834,0.724304735660553
53,1,16,0.3810344216330729,-0.6790712464747833,0.6229755282402039
53,1,17,0.3508534773453047,-0.49044034467623243,0.7186461687088013
53,1,18,0.5017581987841455,-0.6941617186186674,0.6211744546890259
53,1,19,0.41876060199278303,-0.611164121827305,0.7198310494422913
53,1,20,0.5017581987841455,-0.7545236071942037,0.6178160905838013
53,1,21,0.33576300520142066,-0.5885284136114789,0.7094179391860962
53,1,22,0.45648678235249324,-0.7620688432661458,0.6022633910179138
53,1,23,0.07922497875539139,0.0,0.99519145488739
53,1,24,-0.07922497875539139,0.0,0.9938132762908936
53,1,25,0.10940592304315953,0.799795023625856,0.6684873104095459
53,1,26,-0.041498798395681206,0.807340259697798,0.6554237604141235
53,1,27,-0.07167974268344936,1.456230561884813,0.7190653681755066
53,1,28,-0.11695115911510158,1.5920448111797698,0.7168397903442383
53,1,29,-0.15467733947481177,1.5920448111797698,0.7439739108085632
53,1,30,-0.21503922805034806,1.6825876440430743,0.6976933479309082
53,1,31,0.14713210340286972,1.7354042965466685,0.78135085105896
53,1,32,0.12449639518704361,1.8033114211941468,0.7647579312324524
53,2,0,-0.24334693279597144,-1.2094705764337088,0.9959313869476318
53,2,1,-0.21429058261137784,-1.2748473643490446,0.9948225617408752
53,2,2,-0.19976240751908106,-1.2821114518951928,0.9949331283569336
53,2,3,-0.19249831997293265,-1.2821114518951928,0.9952458143234252
53,2,4,-0.22155467015752625,-1.2893755394413413,0.995123565196991
53,2,5,-0.21429058261137784,-1.2966396269874898,0.9949416518211364
53,2,6,-0.20702649506522944,-1.303903714533638,0.9949257373809814
53,2,7,-0.11259335696530022,-1.2966396269874898,0.992015779018402
53,2,8,-0.13438561960374543,-1.3256959771720833,0.9920755624771118
53,2,9,-0.21429058261137784,-1.15862196361067,0.9907960295677184
53,2,10,-0.22881875770367466,-1.1731501387029668,0.991053819656372
53,2,11,-0.061744744142261415,-0.9915479500492568,0.9981337785720824
53,2,12,-0.13438561960374543,-0.9988120375954053,0.9983798265457152
53,2,13,-0.08353700678070662,-0.5193822595496107,0.6268248558044434
53,2,14,-0.17797014488063584,-0.4467413840881267,0.5207039713859558
53,2,15,-0.32325189580360386,-0.6065513101033916,0.7480596899986267
53,2,16,-0.22881875770367466,-0.27240328298056504,0.5722127556800842
53,2,17,-0.4249491214496815,-0.650135835380282,0.7403817176818848
53,2,18,-0.2796673705267135,-0.22155467015752625,0.5738877058029175
53,2,19,-0.3958927712650879,-0.7300407983879144,0.741339921951294
53,2,20,-0.2796673705267135,-0.2796673705267135,0.5711566209793091
53,2,21,-0.3741005086266427,-0.7082485357494691,0.7301214933395386
53,2,22,-0.2578751078882683,-0.30145963316515867,0.5579579472541809
53,2,23,0.010896131319222603,-0.0036320437730742007,0.9955549836158752
53,2,24,-0.010896131319222603,0.0036320437730742007,0.9942720532417296
53,2,25,-0.04721656904996461,0.8390021115801404,0.6966673731803894
53,2,26,-0.03995248150381621,0.8099457613955467,0.6309226155281067
53,2,27,0.09080109432685501,1.6525799167487614,0.7394667863845825
53,2,28,0.10532926941915183,1.6089953914718709,0.6997292041778564
53,2,29,0.21429058261137784,1.8123898427640261,0.7613372802734375
53,2,30,0.20702649506522944,1.754277142394839,0.6850937008857727
53,2,31,-0.08353700678070662,1.8850307182255102,0.7942819595336914
53,2,32,-0.06900883168840982,1.8414461929486199,0.7476049065589905
54,1,0,0.329146636092854,-1.2144375883425993,0.9960604310035706
54,1,1,0.33671322542832194,-1.2749703030263426,0.9950145483016968
54,1,2,0.33671322542832194,-1.2825368923618106,0.9950581789016724
54,1,3,0.329146636092854,-1.2825368923618106,0.9953920245170592
54,1,4,0.3215800467573861,-1.2901034816972783,0.9952872395515442
54,1,5,0.3140134574219182,-1.2976700710327462,0.9950768351554872
54,1,6,0.3064468680864503,-1.3052366603682142,0.995123028755188
54,1,7,0.25348074273817495,-1.2976700710327462,0.9918075203895568
54,1,8,0.20808120672536748,-1.327936428374618,0.9926011562347412
54,1,9,0.28374710008004655,-1.161471462994324,0.9913092851638794
54,1,10,0.27618051074457867,-1.1690380523297919,0.991706609725952
54,1,11,0.1475484920416242,-0.9798733189430942,0.9982043504714966
54,1,12,-0.049182830680541405,-1.0177062656204336,0.998526692390442
54,1,13,0.1324153133706884,-0.5183113694795517,0.5742390751838684
54,1,14,-0.056749420016009314,-0.44264547612487265,0.5676869750022888
54,1,15,0.3215800467573861,-0.5939772628342308,0.7099280953407288
54,1,16,0.3140134574219182,-0.662076566853442,0.6137850284576416
54,1,17,0.4275122974539368,-0.6015438521696987,0.7074146270751953
54,1,18,0.4350788867894047,-0.6772097455243778,0.614130437374115
54,1,19,0.4350788867894047,-0.6772097455243778,0.7090211510658264
54,1,20,0.4275122974539368,-0.7377424602081211,0.6114559173583984
54,1,21,0.3972459401120652,-0.6772097455243778,0.6980956196784973
54,1,22,0.3821127614411294,-0.7377424602081211,0.5974332094192505
54,1,23,0.08701577735788095,0.003783294667733954,0.9953978657722472
54,1,24,-0.08701577735788095,-0.003783294667733954,0.9940412044525146
54,1,25,0.12484872403522049,0.7755754068854606,0.6752840280532837
54,1,26,-0.056749420016009314,0.7831419962209285,0.6591809988021851
54,1,27,-0.026483062674137678,1.5246677510967834,0.7357778549194336
54,1,28,-0.07944918802241303,1.5927670551159947,0.7208330631256104
54,1,29,-0.09458236669334885,1.64573318046427,0.756526529788971
54,1,30,-0.17024826004802793,1.6911327164770775,0.7007553577423096
54,1,31,0.16268167071256004,1.7743651991672245,0.7949279546737671
54,1,32,0.11728213469975259,1.8046315565090962,0.7651785612106323
54,2,0,-0.1839765255042356,-1.225283659858209,0.9964366555213928
54,2,1,-0.16189934244372733,-1.291515209039734,0.9954957962036132
54,2,2,-0.1545402814235579,-1.291515209039734,0.995534121990204
54,2,3,-0.1545402814235579,-1.291515209039734,0.995835781097412
54,2,4,-0.16925840346389676,-1.2988742700599034,0.9957379102706908
54,2,5,-0.16189934244372733,-1.306233331080073,0.9955453872680664
54,2,6,-0.1545402814235579,-1.3135923921002421,0.9955902099609376
54,2,7,-0.10302685428237193,-1.306233331080073,0.9926052689552308
54,2,8,-0.11038591530254137,-1.328310514140581,0.9933179020881652
54,2,9,-0.1545402814235579,-1.1737702327170232,0.9921563267707824
54,2,10,-0.16189934244372733,-1.1811292937371927,0.9925001263618468
54,2,11,-0.03679530510084712,-0.9897937072127876,0.998380959033966
54,2,12,-0.19133558652440502,-0.997152768232957,0.9986392855644226
54,2,13,-0.022077183060508272,-0.5335319239622832,0.6161769032478333
54,2,14,-0.13982215938321907,-0.459941313760589,0.524639368057251
54,2,15,-0.23548995264542158,-0.6512769002849941,0.7380849719047546
54,2,16,0.014718122040338849,-0.10670638479245666,0.579693078994751
54,2,17,-0.3605939899883018,-0.6880722053858411,0.7351874113082886
54,2,18,-0.029436244080677697,0.003679530510084712,0.5820844173431396
54,2,19,-0.34587586794796293,-0.7469446935471966,0.7365099787712097
54,2,20,-0.029436244080677697,-0.025756713570592983,0.5798766016960144
54,2,21,-0.3017215018269464,-0.7395856325270271,0.7255609631538391
54,2,22,-0.014718122040338849,-0.047833896631101255,0.5671631693840027
54,2,23,0.029436244080677697,-0.003679530510084712,0.9957675933837892
54,2,24,-0.029436244080677697,0.003679530510084712,0.9944161772727966
54,2,25,0.029436244080677697,0.7469446935471966,0.7039029002189636
54,2,26,0.058872488161355395,0.7910990596682131,0.6429899334907532
54,2,27,0.10302685428237193,1.6447501380078664,0.7577395439147949
54,2,28,0.13982215938321907,1.622672954947358,0.7042703628540039
54,2,29,0.19133558652440502,1.814008541471763,0.7749897241592407
54,2,30,0.20605370856474386,1.7845722973910854,0.6907503604888916
54,2,31,-0.058872488161355395,1.8508038465726102,0.8101071715354919
54,2,32,-0.09566779326220251,1.7919313584112548,0.7531595826148987
55,1,0,0.3476908842777647,-1.1926171191893218,0.9963054060935974
55,1,1,0.35516810759556605,-1.252434905731733,0.995245099067688
55,1,2,0.3476908842777647,-1.2599121290495343,0.9950947165489196
55,1,3,0.3476908842777647,-1.2599121290495343,0.9955211877822876
55,1,4,0.3402136609599633,-1.2673893523673359,0.9956160187721252
55,1,5,0.3327364376421619,-1.2748665756851372,0.9953467845916748
55,1,6,0.31778199100655913,-1.2823437990029385,0.9955385327339172
55,1,7,0.2654414277819494,-1.2748665756851372,0.9913544058799744
55,1,8,0.22057808787514102,-1.3047754689563427,0.9935850501060486
55,1,9,0.3028275443709563,-1.1402765559647121,0.9923505783081056
55,1,10,0.29535032105315495,-1.1477537792825134,0.9929865598678588
55,1,11,0.18319197128613407,-0.9683004196552801,0.998352348804474
55,1,12,-0.06355639820131183,-1.0281182061976912,0.998764991760254
55,1,13,0.19814641792173687,-0.5720075838118064,0.5649468898773193
55,1,14,-0.10841973810812017,-0.4748036806803883,0.5714151263237
55,1,15,0.3626453309133675,-0.601916477083012,0.7000094652175903
55,1,16,0.29535032105315495,-0.6093937004008133,0.6208977103233337
55,1,17,0.46732645736258693,-0.5570531371762036,0.7032713294029236
55,1,18,0.4075086708201758,-0.5570531371762036,0.6222354173660278
55,1,19,0.46732645736258693,-0.6243481470364162,0.705033004283905
55,1,20,0.4224631174557786,-0.6243481470364162,0.6200820207595825
55,1,21,0.4224631174557786,-0.6467798169898203,0.6945008635520935
55,1,22,0.37012255423116885,-0.6617342636254231,0.6070293188095093
55,1,23,0.08598806815471599,0.0037386116589006955,0.99495929479599
55,1,24,-0.08598806815471599,-0.0037386116589006955,0.9936802387237548
55,1,25,0.14580585469712712,0.7065976035322314,0.6617327332496643
55,1,26,-0.04112472824790765,0.7514609434390398,0.652148425579071
55,1,27,-0.06355639820131183,1.4543199353123706,0.7217308878898621
55,1,28,-0.0785108448369146,1.581432731714994,0.70567786693573
55,1,29,-0.15328307801492852,1.5739555083971928,0.747690737247467
55,1,30,-0.1607603013327299,1.6861138581642137,0.693291962146759
55,1,31,0.11589696142592155,1.6861138581642137,0.784672200679779
55,1,32,0.13832863137932574,1.7907949846134332,0.7548092007637024
55,2,0,-0.09700412132773381,-1.2423989385436676,0.9966687560081482
55,2,1,-0.05969484389399004,-1.3095556379244064,0.9957142472267152
55,2,2,-0.05223298840724128,-1.3095556379244064,0.9955787658691406
55,2,3,-0.03730927743374377,-1.3170174934111551,0.9959632754325868
55,2,4,-0.07461855486748754,-1.3095556379244064,0.9960452914237976
55,2,5,-0.07461855486748754,-1.3170174934111551,0.9958020448684692
55,2,6,-0.07461855486748754,-1.3244793488979039,0.9959751963615416
55,2,7,0.02984742194699502,-1.3170174934111551,0.9922126531600952
55,2,8,-0.007461855486748755,-1.3394030598714015,0.994212567806244
55,2,9,-0.05969484389399004,-1.1827040946496776,0.9931075572967528
55,2,10,-0.07461855486748754,-1.1901659501364263,0.9936689138412476
55,2,11,0.14177525424822635,-0.9961577074809588,0.9985144138336182
55,2,12,-0.11192783230123132,-1.0036195629677076,0.9988420605659484
55,2,13,0.1790845316819701,-0.6006793666832747,0.6078879237174988
55,2,14,-0.11192783230123132,-0.503675245355541,0.529334306716919
55,2,15,-0.09700412132773381,-0.6454504996037673,0.7290773391723633
55,2,16,-0.1641608207084726,-0.257434014292832,0.5878288149833679
55,2,17,-0.20893195362896513,-0.6603742105772648,0.7311694622039795
55,2,18,-0.21639380911571388,-0.1828154594253445,0.5923728942871094
55,2,19,-0.20147009814221636,-0.7126071989845061,0.7326293587684631
55,2,20,-0.007461855486748755,-0.09327319358435944,0.5908030867576599
55,2,21,-0.1641608207084726,-0.7200690544712548,0.7220981121063232
55,2,22,-0.007461855486748755,-0.1156587600446057,0.5797622799873352
55,2,23,0.22385566460246265,-0.0037309277433743774,0.9953565001487732
55,2,24,-0.22385566460246265,0.0037309277433743774,0.9940931797027588
55,2,25,0.2760886530097039,0.8021494648254911,0.6928308010101318
55,2,26,0.09700412132773381,0.7200690544712548,0.6523528099060059
55,2,27,0.2910123639832014,1.7348814006690854,0.7458942532539368
55,2,28,0.2313175200892114,1.6005680019076078,0.7074605226516724
55,2,29,0.37309277433743776,1.906504076864307,0.7643235921859741
55,2,30,0.2835505084964527,1.719957689695588,0.6923797130584717
55,2,31,0.022385566460246264,1.906504076864307,0.8016327023506165
55,2,32,0.03730927743374377,1.809499955536573,0.7576770186424255
56,1,0,0.35371104651223256,-1.20035982805747,0.9967759847640992
56,1,1,0.36123681345930136,-1.268091730581089,0.9958844780921936
56,1,2,0.36123681345930136,-1.268091730581089,0.9956847429275512
56,1,3,0.35371104651223256,-1.268091730581089,0.9960629343986512
56,1,4,0.3461852795651638,-1.275617497528158,0.9962214827537536
56,1,5,0.338659512618095,-1.2831432644752268,0.9959582090377808
56,1,6,0.32360797872395747,-1.2906690314222955,0.9961819648742676
56,1,7,0.28597914398861357,-1.2831432644752268,0.9922154545783995
56,1,8,0.2408245423062009,-1.3132463322635017,0.994658887386322
56,1,9,0.3010306778827511,-1.1552052263750574,0.9935510158538818
56,1,10,0.2935049109356824,-1.1627309933221261,0.994195520877838
56,1,11,0.19566994062378823,-0.967061052698338,0.9985051155090332
56,1,12,-0.04515460168241267,-1.0272671882748883,0.998952329158783
56,1,13,0.21824724146499458,-0.560669637556624,0.5564659237861633
56,1,14,-0.11288650420603168,-0.492937735033005,0.5753111839294434
56,1,15,0.36123681345930136,-0.6133500061861055,0.6857645511627197
56,1,16,0.2634018431474072,-0.6359273070273118,0.6277482509613037
56,1,17,0.46659755071826425,-0.560669637556624,0.6929875612258911
56,1,18,0.39133988124757646,-0.5907727053448991,0.6306228041648865
56,1,19,0.4515460168241267,-0.628401540080243,0.6943950653076172
56,1,20,0.42144294903585156,-0.658504607868518,0.6289505362510681
56,1,21,0.4139171820887828,-0.658504607868518,0.6854621767997742
56,1,22,0.36123681345930136,-0.6886076756567933,0.6171539425849915
56,1,23,0.09030920336482534,0.003762883473534389,0.9949519038200378
56,1,24,-0.09030920336482534,-0.003762883473534389,0.9940161108970642
56,1,25,0.135463805047238,0.7262365103921371,0.6536436080932617
56,1,26,-0.03762883473534389,0.7412880442862747,0.6663169264793396
56,1,27,-0.060206135576550225,1.4110813025753959,0.713229238986969
56,1,28,-0.067731902523619,1.5992254762521154,0.7146032452583313
56,1,29,-0.15051533894137556,1.5615966415167715,0.7378002405166626
56,1,30,-0.16556687283551313,1.7045862135110783,0.7000564932823181
56,1,31,0.12041227115310045,1.584173942357978,0.780207633972168
56,1,32,0.1730926397825819,1.7948954168759037,0.7639550566673279
56,2,0,-0.08239642584313925,-1.2471822638984258,0.9970929622650146
56,2,1,-0.044943505005348675,-1.314597521406449,0.9962896704673768
56,2,2,-0.029962336670232452,-1.314597521406449,0.9961100816726683
56,2,3,-0.022471752502674337,-1.314597521406449,0.9964507222175598
56,2,4,-0.059924673340464904,-1.314597521406449,0.9965910315513612
56,2,5,-0.05243408917290679,-1.322088105574007,0.9963539242744446
56,2,6,-0.05243408917290679,-1.3295786897415651,0.9965558648109436
56,2,7,0.059924673340464904,-1.322088105574007,0.9929868578910828
56,2,8,0.014981168335116226,-1.3520504422442394,0.9951822757720948
56,2,9,-0.044943505005348675,-1.194748174725519,0.9941868782043456
56,2,10,-0.059924673340464904,-1.194748174725519,0.9947581887245178
56,2,11,0.14232109918360414,-0.9999929863690081,0.9986519813537598
56,2,12,-0.13483051501604604,-0.9999929863690081,0.9990188479423524
56,2,13,0.20224577252406906,-0.5505579363155213,0.6000036001205444
56,2,14,-0.022471752502674337,-0.4906332629750564,0.5279831290245056
56,2,15,-0.059924673340464904,-0.6554261146613349,0.7155433297157288
56,2,16,-0.007490584167558113,-0.07116054959180207,0.5833461284637451
56,2,17,-0.15730226751872037,-0.6479355304937767,0.7206506729125977
56,2,18,0.18726460418895283,0.018726460418895283,0.5885313153266907
56,2,19,-0.14232109918360414,-0.7003696196666835,0.7216807007789612
56,2,20,0.1123587625133717,-0.011235876251337169,0.5870890021324158
56,2,21,-0.1123587625133717,-0.7153507880017997,0.7120885252952576
56,2,22,0.11984934668092981,-0.04868879708912773,0.5772651433944702
56,2,23,0.20224577252406906,-0.0037452920837790565,0.9953734278678894
56,2,24,-0.20224577252406906,0.0037452920837790565,0.9944312572479248
56,2,25,0.31460453503744074,0.8426907188502877,0.6860932111740112
56,2,26,0.07490584167558113,0.7453131246720323,0.6700586080551147
56,2,27,0.31460453503744074,1.7190890664545868,0.7390061020851135
56,2,28,0.23969869336185962,1.6366926406114477,0.7191828489303589
56,2,29,0.38951037671302186,1.8988630864759817,0.7550714612007141
56,2,30,0.29962336670232453,1.7640325714599356,0.7009585499763489
56,2,31,0.029962336670232452,1.9138442548110979,0.7982698678970337
56,2,32,0.03745292083779057,1.8539195814706328,0.7697041630744934
57,1,0,0.3659582747691752,-1.2029904989752676,0.9972233176231384
57,1,1,0.3737446210408598,-1.2730676154204286,0.9964277148246764
57,1,2,0.3737446210408598,-1.2730676154204286,0.9962304830551147
57,1,3,0.3737446210408598,-1.2730676154204286,0.9965904355049132
57,1,4,0.3659582747691752,-1.2808539616921133,0.9966906905174256
57,1,5,0.35038558222580607,-1.2886403079637978,0.9964134097099304
57,1,6,0.34259923595412145,-1.2964266542354823,0.996631383895874
57,1,7,0.31145385086738314,-1.2886403079637978,0.9930955767631532
57,1,8,0.24916308069390652,-1.3275720393222208,0.9953927397727966
57,1,9,0.31145385086738314,-1.15627242134516,0.9945109486579896
57,1,10,0.3036675045956986,-1.1640587676168446,0.9951386451721193
57,1,11,0.21023134933548362,-0.953827418281361,0.9987028241157532
57,1,12,-0.04671807763010748,-1.0394772272698913,0.9990977644920348
57,1,13,0.22580404187885278,-0.5100056807953399,0.5639642477035522
57,1,14,-0.15572692543369157,-0.4866466419802862,0.5740636587142944
57,1,15,0.42046269867096725,-0.5800827972405012,0.716611385345459
57,1,16,0.2569494269655911,-0.6813052987724006,0.6235743761062622
57,1,17,0.5138988539311822,-0.5645101046971319,0.720503032207489
57,1,18,0.4126763523992827,-0.6813052987724006,0.626781165599823
57,1,19,0.5061125076594977,-0.6268008748706086,0.7214929461479187
57,1,20,0.4048900061275981,-0.766955107760931,0.625049352645874
57,1,21,0.4593944300293902,-0.6501599136856624,0.7106935977935791
57,1,22,0.35817192849749063,-0.7747414540326156,0.6139315962791443
57,1,23,0.08564980898853036,0.0038931731358422894,0.9949638247489928
57,1,24,-0.08564980898853036,-0.0038931731358422894,0.99380362033844
57,1,25,0.07786346271684579,0.7358097226741928,0.6414016485214233
57,1,26,-0.03893173135842289,0.7825278003043001,0.6796672940254211
57,1,27,-0.11679519407526869,1.452153579669174,0.6995112299919128
57,1,28,-0.12458154034695326,1.5845214662878118,0.7213971018791199
57,1,29,-0.21023134933548362,1.5689487737444427,0.7255228161811829
57,1,30,-0.24137673442222193,1.7246756991781342,0.7043073177337646
57,1,31,0.11679519407526869,1.6234531976462347,0.7696170210838318
57,1,32,0.16351327170537616,1.748034737993188,0.770327627658844
57,2,0,-0.08064450568924063,-1.286279865743388,0.9974889755249025
57,2,1,-0.040322252844620314,-1.3588599208637044,0.996768593788147
57,2,2,-0.024193351706772188,-1.3588599208637044,0.9965912103652954
57,2,3,-0.008064450568924061,-1.3588599208637044,0.9969161748886108
57,2,4,-0.05645115398246844,-1.3669243714326285,0.9970020651817322
57,2,5,-0.05645115398246844,-1.3749888220015527,0.9967511296272278
57,2,6,-0.05645115398246844,-1.3830532725704767,0.9969483613967896
57,2,7,0.05645115398246844,-1.3669243714326285,0.9937669038772584
57,2,8,-0.024193351706772188,-1.3911177231394007,0.9958239197731018
57,2,9,-0.040322252844620314,-1.2298287117609195,0.9950442910194396
57,2,10,-0.06451560455139249,-1.2378931623298435,0.995591402053833
57,2,11,0.15322456080955718,-1.0040240958310458,0.9988301992416382
57,2,12,-0.16128901137848126,-0.9959596452621217,0.9991542100906372
57,2,13,0.20967571479202562,-0.4959637099888298,0.607123613357544
57,2,14,-0.26612686877449404,-0.4556414571442095,0.5327696800231934
57,2,15,-0.040322252844620314,-0.6169304685226907,0.7442379593849182
57,2,16,-0.08064450568924063,-0.044354478129082345,0.590964674949646
57,2,17,-0.13709565967170906,-0.649188270798387,0.7469853758811951
57,2,18,0.09677340682708875,0.012096675853386094,0.5949579477310181
57,2,19,-0.12096675853386094,-0.7137038753497795,0.7477276921272278
57,2,20,0.008064450568924061,-0.020161126422310157,0.5933423638343811
57,2,21,-0.09677340682708875,-0.7137038753497795,0.7369744181632996
57,2,22,0.016128901137848123,-0.044354478129082345,0.5836666226387024
57,2,23,0.17741791251632938,-0.004032225284462031,0.9953948855400084
57,2,24,-0.17741791251632938,0.004032225284462031,0.9942551851272584
57,2,25,0.25806241820556997,0.778219479901172,0.6749976277351379
57,2,26,-0.048386703413544375,0.8104772821768682,0.6834560036659241
57,2,27,0.24999796763664592,1.5362778333800338,0.7265616655349731
57,2,28,0.24193351706772187,1.689502394189591,0.7276448607444763
57,2,29,0.2983846710501903,1.7701468998788317,0.7424780130386353
57,2,30,0.2822557699123422,1.7620824493099077,0.707539975643158
57,2,31,0.024193351706772188,1.7862758010166797,0.7887554168701172
57,2,32,0.032257802275696246,1.923371460688389,0.7770337462425232
58,1,0,0.42389827661895274,-1.18771498260216,0.997093677520752
58,1,1,0.43989443800079997,-1.2596977088204726,0.9960374236106871
58,1,2,0.43989443800079997,-1.2596977088204726,0.995697557926178
58,1,3,0.43989443800079997,-1.2596977088204726,0.9961667060852052
58,1,4,0.42389827661895274,-1.27569387020232,0.9964223504066468
58,1,5,0.41590019592802907,-1.2916900315841673,0.9960861802101136
58,1,6,0.39990403454618184,-1.3076861929660146,0.996362805366516
58,1,7,0.36791171178248727,-1.2916900315841673,0.9920264482498168
58,1,8,0.2879309048732509,-1.3316804350387854,0.9950516223907472
58,1,9,0.36791171178248727,-1.147724579147542,0.9943155646324158
58,1,10,0.35191555040064,-1.1557226598384653,0.9954432249069214
58,1,11,0.22394625934586182,-0.9637687232562981,0.9985634088516236
58,1,12,-0.039990403454618184,-1.0277533687836873,0.999186396598816
58,1,13,0.2799328241823273,-0.5238742852554982,0.5629868507385254
58,1,14,-0.11197312967293091,-0.4598896397281091,0.5777043104171753
58,1,15,0.5198752449100363,-0.5478685273282691,0.7298470139503479
58,1,16,0.24794050141863272,-0.7798128673650545,0.6310420036315918
58,1,17,0.6238502938920436,-0.5398704466373454,0.7334685921669006
58,1,18,0.38390787316433456,-0.8597936742742909,0.6340637803077698
58,1,19,0.61585221320112,-0.5878589307828873,0.7348157167434692
58,1,20,0.36791171178248727,-0.9077821584198327,0.632483184337616
58,1,21,0.5758618097465018,-0.5958570114738109,0.7229762673377991
58,1,22,0.3359193890187927,-0.8917859970379854,0.6223704814910889
58,1,23,0.12796929105477817,0.003999040345461818,0.9946548342704772
58,1,24,-0.12796929105477817,-0.003999040345461818,0.9936299920082092
58,1,25,0.3359193890187927,0.7078301411467418,0.657383143901825
58,1,26,-0.03199232276369454,0.7638167059832073,0.7038292288780212
58,1,27,-0.01599616138184727,1.3796689191843272,0.711910605430603
58,1,28,-0.11197312967293091,1.5476286136937236,0.7426760196685791
58,1,29,-0.12796929105477817,1.5236343716209526,0.7282500863075256
58,1,30,-0.20795009796401454,1.6516036626757309,0.717644989490509
58,1,31,0.18395585589124364,1.6835959854394253,0.7823001146316528
58,1,32,0.14396545243662545,1.7555787116577382,0.788027822971344
58,2,0,-0.2204714310038134,-1.2466657280397448,0.9973547458648682
58,2,1,-0.16435143038466088,-1.3188200145500837,0.9964056015014648
58,2,2,-0.14831714449347447,-1.326837157495677,0.9960967898368835
58,2,3,-0.13228285860228803,-1.326837157495677,0.9965241551399232
58,2,4,-0.1723685733302541,-1.33485430044127,0.996735453605652
58,2,5,-0.1723685733302541,-1.3508885863324567,0.9964260458946228
58,2,6,-0.16435143038466088,-1.3589057292780498,0.99668151140213
58,2,7,-0.012025714418389821,-1.3508885863324567,0.9927900433540344
58,2,8,-0.08418000092872875,-1.3749400151692361,0.995478630065918
58,2,9,-0.18038571627584732,-1.2065800133117788,0.9948525428771972
58,2,10,-0.19642000216703376,-1.2145971562573719,0.9958189725875854
58,2,11,0.028060000309576248,-0.9981342967263551,0.998701274394989
58,2,12,-0.24452285984059302,-0.9901171537807619,0.9991730451583862
58,2,13,0.09219714387432196,-0.47702000526279625,0.606257975101471
58,2,14,-0.23650571689499983,-0.48503714820838945,0.5321966409683228
58,2,15,-0.18840285922144054,-0.5972771494466944,0.7559365034103394
58,2,16,-0.3968485758068641,-0.5090885770451691,0.5894739627838135
58,2,17,-0.2846085745685591,-0.6133114353378809,0.7582215666770935
58,2,18,-0.4449514334804234,-0.48503714820838945,0.5951237082481384
58,2,19,-0.26857428867737265,-0.6774485789026266,0.7593110799789429
58,2,20,-0.48503714820838945,-0.5251228629363556,0.5937667489051819
58,2,21,-0.24452285984059302,-0.6694314359570334,0.7474498152732849
58,2,22,-0.469002862317203,-0.5892600065011012,0.5849742293357849
58,2,23,0.09219714387432196,-0.004008571472796607,0.9949434995651244
58,2,24,-0.09219714387432196,0.004008571472796607,0.9937764406204224
58,2,25,0.004008571472796607,0.7977057230865248,0.6871095299720764
58,2,26,-0.10021428681991518,0.8458085807600841,0.6800445914268494
58,2,27,0.1162485727111016,1.6475228753194056,0.7360920906066895
58,2,28,0.12426571565669482,1.6395057323738123,0.7295489311218262
58,2,29,0.20443714511262695,1.8078657342312698,0.7498789429664612
58,2,30,0.2204714310038134,1.7838143053944902,0.7126523852348328
58,2,31,-0.09219714387432196,1.9120885925239817,0.7990832328796387
58,2,32,-0.06814571503754233,1.8639857348504223,0.780248761177063
59,1,0,0.4403329466613401,-1.2016562656552459,0.9967991709709167
59,1,1,0.45679399139634347,-1.275730966962761,0.9953944087028505
59,1,2,0.45679399139634347,-1.275730966962761,0.9951398968696594
59,1,3,0.4485634690288418,-1.275730966962761,0.9956126809120178
59,1,4,0.4403329466613401,-1.2921920116977645,0.9955291152000428
59,1,5,0.4238719019263367,-1.3086530564327679,0.9951180219650269
59,1,6,0.40741085719133335,-1.3251141011677712,0.9952561855316162
59,1,7,0.36625824535382495,-1.3168835788002695,0.9910492897033693
59,1,8,0.30041406641381146,-1.3498056682702761,0.9934373497962952
59,1,9,0.37448876772132667,-1.152273131450236,0.9934548139572144
59,1,10,0.3580277229863233,-1.1687341761852392,0.99505352973938
59,1,11,0.20987832037129295,-1.0041237288352054,0.9985728859901428
59,1,12,-0.028806828286255894,-0.9876626841002021,0.99918395280838
59,1,13,0.20164779800379126,-0.47737029731509767,0.5554101467132568
59,1,14,-0.004115261183750842,-0.4279871631100876,0.5761823058128357
59,1,15,0.4403329466613401,-0.469139774947596,0.7115199565887451
59,1,16,0.2839530216788081,-0.8148217143826667,0.6286764144897461
59,1,17,0.5555602598063637,-0.43621768547758927,0.7167665958404541
59,1,18,0.31687511114881484,-0.9547405946301953,0.6326531767845154
59,1,19,0.5637907821738654,-0.47737029731509767,0.717818558216095
59,1,20,0.25926145457630306,-1.0123542512027073,0.6312223076820374
59,1,21,0.5308686927038586,-0.49383134205010104,0.7064189314842224
59,1,22,0.2428004098412997,-0.9794321617327004,0.62071692943573
59,1,23,0.11111205196127275,-0.024691567102505054,0.9944401383399964
59,1,24,-0.11111205196127275,0.024691567102505054,0.9927656650543212
59,1,25,0.47325503613134684,0.5925976104601213,0.6782320141792297
59,1,26,0.11111205196127275,0.8148217143826667,0.7002166509628296
59,1,27,0.11934257432877442,1.2428088774927544,0.7242896556854248
59,1,28,-0.1358036190637778,1.5061855932528083,0.7443269491195679
59,1,29,0.028806828286255894,1.3168835788002695,0.7434545755386353
59,1,30,-0.25103093220880135,1.6214129063978318,0.7246610522270203
59,1,31,0.2921835440463098,1.5473382050903166,0.7916572093963623
59,1,32,0.15226466379878115,1.7119486524403504,0.7908958196640015
59,2,0,-0.2427474546975064,-1.2411442441791858,0.9971002340316772
59,2,1,-0.1879335133141985,-1.3116193116720103,0.995839536190033
59,2,2,-0.17227238720468194,-1.3116193116720103,0.995608687400818
59,2,3,-0.1566112610951654,-1.3116193116720103,0.9960371851921082
59,2,4,-0.2114252024784733,-1.3194498747267687,0.9959542155265808
59,2,5,-0.2114252024784733,-1.3272804377815268,0.9955813884735109
59,2,6,-0.20359463942371503,-1.3351110008362852,0.9957099556922911
59,2,7,-0.01566112610951654,-1.3194498747267687,0.9919307231903076
59,2,8,-0.10179731971185751,-1.3351110008362852,0.9940627813339232
59,2,9,-0.1879335133141985,-1.1706691766863615,0.9940818548202516
59,2,10,-0.21925576553323156,-1.1784997397411197,0.9954767227172852
59,2,11,-0.01566112610951654,-0.9983967894816794,0.9987091422080994
59,2,12,-0.25840858080702295,-0.9827356633721629,0.999175488948822
59,2,13,0.01566112610951654,-0.4659185017581171,0.5991054177284241
59,2,14,-0.2427474546975064,-0.44242681259384226,0.5292559862136841
59,2,15,-0.18010295025944023,-0.5285630061961832,0.7382953763008118
59,2,16,-0.43068096801170486,-0.5912075106342494,0.5832266807556152
59,2,17,-0.289730833026056,-0.520732443141425,0.7407594323158264
59,2,18,-0.5246477246688042,-0.6146991997985243,0.588668942451477
59,2,19,-0.22708632858798986,-0.5442241323056998,0.7414076924324036
59,2,20,-0.5324782877235624,-0.6538520150723156,0.5867129564285278
59,2,21,-0.18010295025944023,-0.552054695360458,0.7288079261779785
59,2,22,-0.4854949093950128,-0.6616825781270739,0.5782199501991272
59,2,23,0.08613619360234097,-0.019576407636895676,0.9947368502616882
59,2,24,-0.08613619360234097,0.019576407636895676,0.993142068386078
59,2,25,-0.0783056305475827,0.72432708256514,0.7013067007064819
59,2,26,-0.16444182414992367,0.8026327131127227,0.6528101563453674
59,2,27,0.07047506749282444,1.507383388040967,0.7355943918228149
59,2,28,-0.046983378328549624,1.5152139510957254,0.7009060978889465
59,2,29,0.16444182414992367,1.6091807077528246,0.7567073702812195
59,2,30,0.01566112610951654,1.6326723969170993,0.6987855434417725
59,2,31,-0.09396675665709925,1.7501308427384734,0.7974026203155518
59,2,32,-0.20359463942371503,1.7501308427384734,0.7538154721260071
60,1,0,0.46411982143038427,-1.1879764236612589,0.997270941734314
60,1,1,0.48115174148287543,-1.2731360239237146,0.9960674047470092
60,1,2,0.48115174148287543,-1.2731360239237146,0.995839536190033
60,1,3,0.48115174148287543,-1.2731360239237146,0.996241807937622
60,1,4,0.46411982143038427,-1.2816519839499603,0.9961814880371094
60,1,5,0.4470879013778931,-1.2986839040024514,0.99582040309906
60,1,6,0.4300559813254019,-1.3157158240549425,0.9959085583686828
60,1,7,0.4045081012466652,-1.307199864028697,0.992410123348236
60,1,8,0.3278644610104549,-1.3412637041336792,0.9943676590919496
60,1,9,0.4045081012466652,-1.1368806635037854,0.9943227767944336
60,1,10,0.387476181194174,-1.1539125835562765,0.9957215189933776
60,1,11,0.22567294069550795,-1.0006253030838559,0.998753309249878
60,1,12,-0.055353740170596286,-0.9921093430576103,0.9992130994796752
60,1,13,0.2938006209054726,-0.5152155815878577,0.5726296305656433
60,1,14,-0.03832182011810512,-0.37896022116792843,0.5751984715461731
60,1,15,0.6003751818503136,-0.5748273017715768,0.7416377067565918
60,1,16,0.2938006209054726,-0.7451465022964885,0.6244538426399231
60,1,17,0.7366305422702429,-0.5577953817190857,0.7391835451126099
60,1,18,0.387476181194174,-0.8558539826376811,0.6288061738014221
60,1,19,0.7706943823752253,-0.532247501640349,0.740678608417511
60,1,20,0.3619283011154373,-0.898433782768909,0.6269555687904358
60,1,21,0.7025667021652606,-0.5407634616665945,0.7286996841430664
60,1,22,0.3278644610104549,-0.8728859026901722,0.6181086897850037
60,1,23,0.11496546035431536,-0.02980586009185954,0.9949305057525636
60,1,24,-0.11496546035431536,0.02980586009185954,0.992926836013794
60,1,25,0.5237315416141033,0.5748273017715768,0.7004173398017883
60,1,26,0.07238566022308746,0.8217901425326988,0.6752342581748962
60,1,27,0.37896022116792843,1.349779664159925,0.732240617275238
60,1,28,-0.16606122051178887,1.5541627047898188,0.7175398468971252
60,1,29,0.3278644610104549,1.4434552244486263,0.7525478601455688
60,1,30,-0.2938006209054726,1.6819021051835026,0.70470130443573
60,1,31,0.6770188220865239,1.5882265448948012,0.7941180467605591
60,1,32,0.11496546035431536,1.775577665472204,0.763780415058136
60,2,0,-0.3875675397393396,-1.2351053464220711,0.99751478433609
60,2,1,-0.34497770020754404,-1.3288029933920216,0.9964311718940736
60,2,2,-0.3364597323011849,-1.3288029933920216,0.9962207078933716
60,2,3,-0.3194237964884667,-1.3288029933920216,0.9965882301330566
60,2,4,-0.36201363602026226,-1.3373209612983805,0.9965227246284484
60,2,5,-0.36201363602026226,-1.3458389292047397,0.996192455291748
60,2,6,-0.3705316039266214,-1.3543568971110989,0.996283233165741
60,2,7,-0.22572614951851647,-1.3458389292047397,0.9931185841560364
60,2,8,-0.29386989276938935,-1.371392832923817,0.9948880076408386
60,2,9,-0.36201363602026226,-1.1669616031711982,0.9948663711547852
60,2,10,-0.3875675397393396,-1.1839975389839166,0.9960981607437134
60,2,11,0.02129491976589778,-0.9966022450440161,0.9988576769828796
60,2,12,-0.268315989050312,-0.988084277137657,0.9992378354072572
60,2,13,0.08943866301677067,-0.34923668416072357,0.614453911781311
60,2,14,-0.5834808015855991,-0.3662726199734418,0.5526726841926575
60,2,15,-0.36201363602026226,-0.5536679139133422,0.7661518454551697
60,2,16,-0.7879120313382179,-0.5962577534451379,0.6151681542396545
60,2,17,-0.42163941136477606,-0.5621858818197014,0.7628446221351624
60,2,18,-0.8305018708700134,-0.5110780743815467,0.6142292022705078
60,2,19,-0.3960855076456987,-0.5962577534451379,0.7639262080192566
60,2,20,-0.8475378066827316,-0.4855241706624694,0.6131371855735779
60,2,21,-0.3875675397393396,-0.5877397855387787,0.7516688108444214
60,2,22,-0.8219839029636543,-0.5025601064751876,0.6059472560882568
60,2,23,0.06388475929769334,-0.04258983953179556,0.9947730898857116
60,2,24,-0.06388475929769334,0.04258983953179556,0.9926638007164
60,2,25,-0.08943866301677067,0.7410632078532428,0.7275816202163696
60,2,26,-0.07240272720405246,0.8517967906359112,0.6552781462669373
60,2,27,-0.1831363099867209,1.6950756133654632,0.7519335150718689
60,2,28,0.07240272720405246,1.7121115491781815,0.7096339464187622
60,2,29,-0.19165427789308,1.82284513196085,0.7711768746376038
60,2,30,0.14906443836128447,1.8483990356799274,0.710017204284668
60,2,31,-0.3279417643948258,1.9506146505562367,0.804610013961792
60,2,32,-0.17461834208036178,1.9165427789308003,0.7562423348426819
61,1,0,0.45315394202768894,-1.181588316128273,0.9977311491966248
61,1,1,0.47009427630909784,-1.2662899875353177,0.9967318177223206
61,1,2,0.47009427630909784,-1.2662899875353177,0.9965243935585022
61,1,3,0.47009427630909784,-1.2662899875353177,0.996864914894104
61,1,4,0.45315394202768894,-1.274760154676022,0.9968309998512268
61,1,5,0.44468377488698446,-1.291700488957431,0.996527373790741
61,1,6,0.4277434406055755,-1.3001706560981354,0.9966115355491638
61,1,7,0.40233293918346213,-1.3001706560981354,0.9936953783035278
61,1,8,0.3345716020578264,-1.3340513246609533,0.9953473806381226
61,1,9,0.39386277204275766,-1.1307673132840461,0.9952809810638428
61,1,10,0.3853926049020532,-1.147707647565455,0.9964422583580016
61,1,11,0.23292959636937283,-1.0037148061734793,0.9988940358161926
61,1,12,-0.038115752133170096,-0.9867744718920702,0.999299705028534
61,1,13,0.43621360774628,-0.5802064491382559,0.5825760364532471
61,1,14,-0.038115752133170096,-0.37692243776134876,0.5968531966209412
61,1,15,0.6310274519824827,-0.6310274519824827,0.7548520565032959
61,1,16,0.309161100635713,-0.7496097919523452,0.6533694267272949
61,1,17,0.7665501262337542,-0.6225572848417782,0.7466548681259155
61,1,18,0.4192732734648711,-0.8427816305000944,0.6521282196044922
61,1,19,0.7665501262337542,-0.6394976191231871,0.7478476762771606
61,1,20,0.3853926049020532,-0.8766622990629123,0.6510545015335083
61,1,21,0.7496097919523452,-0.6394976191231871,0.736413300037384
61,1,22,0.3599821034799398,-0.8597219647815033,0.6436852216720581
61,1,23,0.10587708925880582,-0.02964558499246563,0.9951211214065552
61,1,24,-0.10587708925880582,0.02964558499246563,0.9929230809211732
61,1,25,0.5547959477161425,0.546325780575438,0.7145469784736633
61,1,26,0.20751909494725942,0.7750202933744587,0.6730346083641052
61,1,27,0.37692243776134876,1.3340513246609533,0.7418136596679688
61,1,28,-0.1651682592437371,1.5627458374599739,0.7171009182929993
61,1,29,0.309161100635713,1.452633664630816,0.7646999955177307
61,1,30,-0.29222076635430405,1.672858010289132,0.7081654667854309
61,1,31,0.6649081205453006,1.5712160046006785,0.7986997365951538
61,1,32,0.12281742354021476,1.7575596816961767,0.759384274482727
61,2,0,-0.12191294893059336,-1.2110019593772274,0.9978914260864258
61,2,1,-0.07314776935835601,-1.2760221988068772,0.9969974160194396
61,2,2,-0.05689270950094357,-1.2760221988068772,0.996810793876648
61,2,3,-0.04876517957223735,-1.2841497287355834,0.997130274772644
61,2,4,-0.08940282921576846,-1.2922772586642897,0.997026026248932
61,2,5,-0.08127529928706224,-1.300404788592996,0.9967314004898072
61,2,6,-0.08127529928706224,-1.3166598484504084,0.9968193769454956
61,2,7,0.008127529928706224,-1.3085323185217022,0.9942810535430908
61,2,8,-0.04876517957223735,-1.341042438236527,0.9956372380256652
61,2,9,-0.08940282921576846,-1.1459817199475777,0.9957094192504884
61,2,10,-0.10565788907318091,-1.1703643097336962,0.99661523103714
61,2,11,0.024382589786118673,-0.9996861812308655,0.99900084733963
61,2,12,-0.21131577814636182,-0.9915586513021594,0.999181032180786
61,2,13,0.1950607182889494,-0.5607995650807295,0.6233025193214417
61,2,14,-0.22757083800377428,-0.4145040263640174,0.5471804738044739
61,2,15,-0.0325101197148249,-0.5933096847955543,0.7775580883026123
61,2,16,-0.29259107743342405,-0.5282894453659046,0.60587477684021
61,2,17,-0.17880565843153692,-0.5770546249381419,0.768334686756134
61,2,18,-0.42263155629272364,-0.5282894453659046,0.6067404747009277
61,2,19,-0.1381680087880058,-0.650202394296498,0.7691422700881958
61,2,20,-0.4307590862214299,-0.5851821548668481,0.605678379535675
61,2,21,-0.08127529928706224,-0.6583299242252042,0.7569984197616577
61,2,22,-0.34948378693436766,-0.6014372147242606,0.6002429723739624
61,2,23,0.08940282921576846,-0.0325101197148249,0.9952932596206664
61,2,24,-0.08940282921576846,0.0325101197148249,0.9927663803100586
61,2,25,0.21944330807506804,0.7802428731557975,0.7079799771308899
61,2,26,-0.0325101197148249,0.8127529928706224,0.6206478476524353
61,2,27,0.07314776935835601,1.560485746311595,0.7200329303741455
61,2,28,0.04063764964353112,1.560485746311595,0.6615617275238037
61,2,29,0.1300404788592996,1.6823986952421883,0.7463967204093933
61,2,30,0.0650202394296498,1.6661436353847758,0.6644372940063477
61,2,31,-0.1625505985741245,1.7880565843153693,0.772136390209198
61,2,32,-0.08127529928706224,1.7718015244579568,0.7070519924163818
62,1,0,0.5004729178312938,-1.1649663717585579,0.9980682730674744
62,1,1,0.51729553691806,-1.2406681576490057,0.9972407817840576
62,1,2,0.51729553691806,-1.2490794671923888,0.9970738887786864
62,1,3,0.51729553691806,-1.2490794671923888,0.9973655343055724
62,1,4,0.5004729178312938,-1.2574907767357717,0.9972622990608216
62,1,5,0.49206160828791073,-1.2659020862791548,0.9969928860664368
62,1,6,0.47523898920114455,-1.2743133958225379,0.997070848941803
62,1,7,0.424771131940846,-1.2743133958225379,0.9947155714035034
62,1,8,0.37430327468054747,-1.3163699435394534,0.9960088133811952
62,1,9,0.45000506057099526,-1.1144985144982593,0.9960398077964784
62,1,10,0.4331824414842291,-1.1313211335850255,0.9969011545181274
62,1,11,0.23972232198641805,-0.9883288713475129,0.9990686774253844
62,1,12,0.0042056547716915445,-0.996740180890896,0.9992576837539672
62,1,13,0.17243184563935332,-0.46682767965776145,0.5704032182693481
62,1,14,0.02102827385845772,-0.3658919651371644,0.5917543768882751
62,1,15,0.3490693460503982,-0.20607708381288567,0.7212358117103577
62,1,16,0.45841637011437836,-0.6518764896121894,0.6441465616226196
62,1,17,0.424771131940846,-0.1219639883790548,0.7161043882369995
62,1,18,0.5929973228085078,-0.6350538705254232,0.6440750956535339
62,1,19,0.4331824414842291,-0.15560922655258716,0.717041552066803
62,1,20,0.609819941895274,-0.7023443468724879,0.6429361701011658
62,1,21,0.39112589376731366,-0.1892544647261195,0.7071805000305176
62,1,22,0.5593520846349754,-0.7191669659592541,0.6361590623855591
62,1,23,0.10514136929228861,-0.02102827385845772,0.9956607818603516
62,1,24,-0.10514136929228861,0.02102827385845772,0.9932763576507568
62,1,25,0.5677633941783585,0.6686991086989555,0.6925352215766907
62,1,26,0.15560922655258716,0.8201026804798511,0.6518778204917908
62,1,27,0.5425294655482092,1.5266526821240307,0.7251623868942261
62,1,28,-0.13878660746582097,1.560297920297563,0.6842619180679321
62,1,29,0.5004729178312938,1.652822325274777,0.7499613165855408
62,1,30,-0.2649562506165673,1.669644944361543,0.6792888045310974
62,1,31,0.9210383950004483,1.6864675634483093,0.7777611613273621
62,1,32,0.15560922655258716,1.7285241111652248,0.7246626019477844
62,2,0,-0.24365261086347076,-1.1730132837284235,0.9981914162635804
62,2,1,-0.21580659819335982,-1.2356668122361731,0.997451901435852
62,2,2,-0.20884509502583207,-1.2356668122361731,0.9972967505455016
62,2,3,-0.20884509502583207,-1.2356668122361731,0.9975689649581908
62,2,4,-0.20884509502583207,-1.2426283154037008,0.9974541068077089
62,2,5,-0.20188359185830435,-1.2495898185712286,0.9972028732299804
62,2,6,-0.1949220886907766,-1.263512824906284,0.9972831606864928
62,2,7,-0.14619156651808246,-1.2565513217387563,0.9951858520507812
62,2,8,-0.1392300633505547,-1.291358837576395,0.9963125586509703
62,2,9,-0.21580659819335982,-1.1242827615557294,0.9963891506195068
62,2,10,-0.21580659819335982,-1.1382057678907849,0.9971129298210144
62,2,11,0.0,-0.9920142013727024,0.9991589784622192
62,2,12,-0.09049954117786056,-1.0059372077077577,0.9992169737815856
62,2,13,0.020884509502583207,-0.4768629669756499,0.6124382019042969
62,2,14,0.006961503167527736,-0.46990146380812214,0.535166323184967
62,2,15,-0.22276810136088754,-0.46990146380812214,0.7463038563728333
62,2,16,-0.055692025340221885,-0.19144133710701272,0.5823894143104553
62,2,17,-0.3132676425387481,-0.4559784574730667,0.7395629286766052
62,2,18,-0.06265352850774962,-0.13574931176679084,0.5831396579742432
62,2,19,-0.2993446362036926,-0.5186319859808163,0.7399802207946777
62,2,20,-0.0974610443453883,-0.16359532443690178,0.5820564031600952
62,2,21,-0.264537120366054,-0.525593489148344,0.7274020314216614
62,2,22,-0.0974610443453883,-0.184479833939485,0.5763418674468994
62,2,23,0.013923006335055471,0.01740375791881934,0.9959679245948792
62,2,24,-0.013923006335055471,-0.01740375791881934,0.9932390451431274
62,2,25,-0.11138405068044377,0.63001603666126,0.715327262878418
62,2,26,-0.006961503167527736,0.5395164954833995,0.6184188723564148
62,2,27,-0.08353803801033283,1.3888198819217832,0.7463880181312561
62,2,28,-0.132268560183027,1.3331278565815614,0.6645333170890808
62,2,29,-0.013923006335055471,1.5071654357697548,0.7656079530715942
62,2,30,-0.0974610443453883,1.4653964167645883,0.6731646060943604
62,2,31,-0.38288267421402544,1.3679353724192,0.7914897203445435
62,2,32,-0.10442254751291603,1.263512824906284,0.7092780470848083
63,1,0,0.48762763800069825,-1.1540520766016527,0.9983339905738832
63,1,1,0.5038818926007216,-1.2271962223017574,0.9976576566696168
63,1,2,0.5038818926007216,-1.2271962223017574,0.9975183606147766
63,1,3,0.4957547653007099,-1.235323349601769,0.9977648258209229
63,1,4,0.4957547653007099,-1.235323349601769,0.997654676437378
63,1,5,0.48762763800069825,-1.2515776042017923,0.9974223375320436
63,1,6,0.4795005107006866,-1.259704731501804,0.9974936246871948
63,1,7,0.40635636500058187,-1.259704731501804,0.995558738708496
63,1,8,0.3738478558005353,-1.300340368001862,0.9966333508491516
63,1,9,0.4307377469006168,-1.1052893128015828,0.9966688752174376
63,1,10,0.42261061960060514,-1.121543567401606,0.9973567724227904
63,1,11,0.2194324371003142,-0.9915095306014198,0.999189555644989
63,1,12,0.040635636500058185,-0.9915095306014198,0.9992891550064088
63,1,13,0.15441541870022113,-0.48762763800069825,0.5607496500015259
63,1,14,0.016254254600023277,-0.38197498310054695,0.5806678533554077
63,1,15,0.292576582800419,-0.46324625610066333,0.6896246671676636
63,1,16,0.3657207285005237,-0.6339159294009078,0.6221989989280701
63,1,17,0.3738478558005353,-0.38197498310054695,0.6868064403533936
63,1,18,0.4957547653007099,-0.6582973113009426,0.6213449239730835
63,1,19,0.4388648742006284,-0.42261061960060514,0.6881100535392761
63,1,20,0.48762763800069825,-0.7233143297010357,0.6201308965682983
63,1,21,0.3657207285005237,-0.42261061960060514,0.6776099801063538
63,1,22,0.4388648742006284,-0.7233143297010357,0.612542450428009
63,1,23,0.10565265490015129,-0.008127127300011638,0.9962849020957948
63,1,24,-0.10565265490015129,0.008127127300011638,0.9937692284584044
63,1,25,0.44699200150064006,0.6826786932009775,0.7006629705429077
63,1,26,0.09752552760013965,0.7558228389010823,0.6502394676208496
63,1,27,0.48762763800069825,1.4710100413021063,0.7488135695457458
63,1,28,-0.1462882914002095,1.4953914232021412,0.6885983347892761
63,1,29,0.35759360120051203,1.6172983327023158,0.7634989619255066
63,1,30,-0.26819520090038407,1.633552587302339,0.6885223984718323
63,1,31,0.8858568757012685,1.6172983327023158,0.7969777584075928
63,1,32,0.12190690950017456,1.6254254600023275,0.7289540767669678
63,2,0,-0.10838564572851782,-1.1642716137934335,0.9983531832695008
63,2,1,-0.09440040111838649,-1.2202125922339586,0.99777352809906
63,2,2,-0.09440040111838649,-1.2272052145390244,0.9976412057876588
63,2,3,-0.08740777881332082,-1.2272052145390244,0.9978943467140198
63,2,4,-0.09440040111838649,-1.23419783684409,0.997700810432434
63,2,5,-0.08740777881332082,-1.2411904591491556,0.9974438548088074
63,2,6,-0.08041515650825516,-1.2481830814542214,0.9975361227989196
63,2,7,-0.0314668003727955,-1.2481830814542214,0.9959049820899964
63,2,8,-0.02447417806772983,-1.2831461929795498,0.9967210292816162
63,2,9,-0.08740777881332082,-1.1153232576579737,0.9969183802604676
63,2,10,-0.08041515650825516,-1.129308502268105,0.9973872303962708
63,2,11,0.09440040111838649,-0.9964486784718574,0.9992685914039612
63,2,12,-0.07342253420318949,-1.003441300776923,0.9991204738616944
63,2,13,0.11537826803358349,-0.5698987178628517,0.6037587523460388
63,2,14,-0.09440040111838649,-0.49297987250712944,0.5253200531005859
63,2,15,-0.12936351264371482,-0.5349356063375235,0.7191283702850342
63,2,16,-0.1783118687791745,-0.5489208509476547,0.5656241178512573
63,2,17,-0.19928973569437147,-0.47200200559193245,0.7155517935752869
63,2,18,-0.24823809182983114,-0.5279429840324578,0.5671070218086243
63,2,19,-0.20628235799943714,-0.5419282286425892,0.7164868712425232
63,2,20,-0.24124546952476547,-0.5768913401679174,0.5662016868591309
63,2,21,-0.1922971133893058,-0.5559134732527204,0.7045928835868835
63,2,22,-0.22726022491463413,-0.5908765847780487,0.5601931214332581
63,2,23,0.11537826803358349,0.003496311152532833,0.9965320229530334
63,2,24,-0.11537826803358349,-0.003496311152532833,0.9934556484222412
63,2,25,0.08740777881332082,0.6677954301337711,0.7125524282455444
63,2,26,0.10139302342345216,0.6258396963033771,0.6056399941444397
63,2,27,0.05943728959305816,1.4509691283011257,0.7618879675865173
63,2,28,-0.05244466728799249,1.3460797937251407,0.6486096382141113
63,2,29,0.09440040111838649,1.5558584628771106,0.7746154069900513
63,2,30,-0.2762085810500938,1.4999174844365852,0.6666580438613892
63,2,31,-0.22726022491463413,1.4369838836909943,0.8025407195091248
63,2,32,-0.017481555762664164,1.381042905250469,0.6970930099487305
64,1,0,0.4611168881388911,-1.1368916379976108,0.9985042810440063
64,1,1,0.47701747048850807,-1.208444258570887,0.99797785282135
64,1,2,0.47701747048850807,-1.208444258570887,0.997856855392456
64,1,3,0.46906717931369957,-1.208444258570887,0.9980863332748412
64,1,4,0.46906717931369957,-1.2163945497456956,0.9979122877120972
64,1,5,0.4611168881388911,-1.224344840920504,0.997678279876709
64,1,6,0.4452163057892742,-1.2322951320953124,0.9977623224258424
64,1,7,0.38161397639080646,-1.240245423270121,0.9962651133537292
64,1,8,0.34186252051676413,-1.2720465879693548,0.997034192085266
64,1,9,0.40546484991523185,-1.08918989094876,0.9972023367881776
64,1,10,0.3975145587404234,-1.105090473298377,0.997636377811432
64,1,11,0.21465786171982862,-0.9937863968510584,0.9993111491203308
64,1,12,0.007950291174808468,-0.9937863968510584,0.9992055892944336
64,1,13,0.1749064058457863,-0.5406197998869758,0.5623277425765991
64,1,14,-0.07950291174808467,-0.43726601461446574,0.572022020816803
64,1,15,0.3259619381671472,-0.5644706734114012,0.6898199915885925
64,1,16,0.2703098999434879,-0.628073002809869,0.6078862547874451
64,1,17,0.43726601461446574,-0.5406197998869758,0.6878253817558289
64,1,18,0.3895642675656149,-0.6201227116350605,0.6080450415611267
64,1,19,0.4213654322648488,-0.6042221292854435,0.6897910237312317
64,1,20,0.3895642675656149,-0.6837250410335283,0.6070584654808044
64,1,21,0.3657133940411895,-0.612172420460252,0.6781837344169617
64,1,22,0.3498128116915726,-0.6916753322083367,0.5999922752380371
64,1,23,0.11925436762212702,-0.015900582349616936,0.9968083500862122
64,1,24,-0.11925436762212702,0.015900582349616936,0.993996262550354
64,1,25,0.4134151410900403,0.6519238763342944,0.6995428800582886
64,1,26,0.04770174704885081,0.7473273704319959,0.6384211182594299
64,1,27,0.4611168881388911,1.4946547408639919,0.7630530595779419
64,1,28,-0.1749064058457863,1.5026050320388005,0.6750212907791138
64,1,29,0.37366368521599796,1.6377599820105444,0.7716304659843445
64,1,30,-0.30211106464272175,1.6377599820105444,0.6825875639915466
64,1,31,0.8506811557045061,1.6377599820105444,0.8072264790534973
64,1,32,0.10335378527251007,1.6775114378845868,0.7185248732566833
64,2,0,-0.1313160415316739,-1.1636060346834438,0.9985479712486268
64,2,1,-0.10943003460972825,-1.2219687198086322,0.9980872273445128
64,2,2,-0.1021346989690797,-1.2219687198086322,0.9979719519615172
64,2,3,-0.1021346989690797,-1.2219687198086322,0.9982022643089294
64,2,4,-0.10943003460972825,-1.2292640554492806,0.997988224029541
64,2,5,-0.1021346989690797,-1.2365593910899293,0.997744917869568
64,2,6,-0.1021346989690797,-1.2511500623712264,0.9978461861610411
64,2,7,-0.05106734948453985,-1.2511500623712264,0.9965627193450928
64,2,8,-0.05106734948453985,-1.2803314049338206,0.9971311092376708
64,2,9,-0.1021346989690797,-1.1125386851989039,0.9974043369293212
64,2,10,-0.1021346989690797,-1.127129356480201,0.9976820349693298
64,2,11,0.08024869204713404,-1.0104039862298242,0.9993775486946106
64,2,12,-0.145906712812971,-0.9885179793078785,0.9991177916526794
64,2,13,0.09483936332843115,-0.5580931765096141,0.6050272583961487
64,2,14,-0.2042693979381594,-0.49973049138442566,0.5181247591972351
64,2,15,-0.13861137717232244,-0.4924351557437771,0.7183690667152405
64,2,16,-0.16779271973491666,-0.5653885121502626,0.552233099937439
64,2,17,-0.19697406229751085,-0.4267771349779402,0.7150747776031494
64,2,18,-0.2334507405007536,-0.6456372041973967,0.5544553995132446
64,2,19,-0.22615540486010505,-0.5070258270250743,0.7165469527244568
64,2,20,-0.2334507405007536,-0.6091605259941539,0.5537729859352112
64,2,21,-0.19697406229751085,-0.5362071695876685,0.702864408493042
64,2,22,-0.2188600692194565,-0.623751197275451,0.5479866862297058
64,2,23,0.0729533564064855,-0.010943003460972826,0.9969156980514526
64,2,24,-0.0729533564064855,0.010943003460972826,0.9936679601669312
64,2,25,0.08024869204713404,0.7039998893225851,0.7167015075683594
64,2,26,0.03647667820324275,0.689409218041288,0.6087654232978821
64,2,27,0.05106734948453985,1.6232121800443025,0.7787551879882812
64,2,28,-0.1167253702503768,1.5356681523565199,0.6536300182342529
64,2,29,0.08024869204713404,1.7691188928572734,0.785376250743866
64,2,30,-0.0729533564064855,1.710756207732085,0.6727917790412903
64,2,31,-0.2188600692194565,1.6523935226068966,0.8164529204368591
64,2,32,-0.0583626851251884,1.6378028513255996,0.7008275985717773
65,1,0,0.4871084332786432,-1.1498953179036824,0.9986805319786072
65,1,1,0.503079201582861,-1.2217637752726624,0.9982635974884032
65,1,2,0.503079201582861,-1.2217637752726624,0.9981578588485718
65,1,3,0.49509381743075215,-1.2217637752726624,0.9983661770820618
65,1,4,0.49509381743075215,-1.2297491594247714,0.9981753826141356
65,1,5,0.4791230491265343,-1.2377345435768803,0.9979548454284668
65,1,6,0.47113766497442544,-1.2537053118810981,0.9980484247207642
65,1,7,0.4072545917575542,-1.2537053118810981,0.9968689680099488
65,1,8,0.35934228684490077,-1.2936322326416427,0.9974089860916138
65,1,9,0.4312107442138809,-1.1019830129910289,0.9976446628570556
65,1,10,0.42322536006177197,-1.1179537812952467,0.9979050159454346
65,1,11,0.24754690871537607,-0.9901876348615043,0.999395787715912
65,1,12,0.03194153660843562,-0.9901876348615043,0.9992039799690248
65,1,13,0.22359075625904934,-0.4631522808223165,0.564703643321991
65,1,14,-0.09582460982530687,-0.4471815125180987,0.5656319856643677
65,1,15,0.2954592136280295,-0.503079201582861,0.6732083559036255
65,1,16,0.2874738294759206,-0.5589768906476233,0.5953039526939392
65,1,17,0.37531305514911856,-0.4871084332786432,0.6707260012626648
65,1,18,0.39128382345333634,-0.5669622747997323,0.5954170227050781
65,1,19,0.37531305514911856,-0.5749476589518412,0.6726489067077637
65,1,20,0.3832984393012275,-0.6468161163208214,0.5944775342941284
65,1,21,0.335386134388574,-0.590918427256059,0.6608481407165527
65,1,22,0.34337151854068293,-0.6548015004729303,0.586967945098877
65,1,23,0.09582460982530687,-0.01597076830421781,0.9970954060554504
65,1,24,-0.09582460982530687,0.01597076830421781,0.9941620230674744
65,1,25,0.3194153660843562,0.7266699578419104,0.7033820748329163
65,1,26,0.007985384152108905,0.766596878602455,0.6430121660232544
65,1,27,0.39128382345333634,1.4852814522922564,0.7802755832672119
65,1,28,-0.1437369147379603,1.5890914462696721,0.682784914970398
65,1,29,0.32740075023646514,1.6689452877907613,0.7815489172935486
65,1,30,-0.2635176770195939,1.7088722085513057,0.6936081647872925
65,1,31,0.7745822627545639,1.60506221457389,0.8211222290992737
65,1,32,0.11179537812952467,1.7567845134639593,0.7244677543640137
65,2,0,-0.17531334310831215,-1.174972405938688,0.9987722635269164
65,2,1,-0.15293291632852762,-1.2421136862780413,0.9983989000320436
65,2,2,-0.14547277406859943,-1.2421136862780413,0.9983022212982178
65,2,3,-0.13801263180867127,-1.2495738285379696,0.998497724533081
65,2,4,-0.15293291632852762,-1.2495738285379696,0.9983025193214417
65,2,5,-0.14547277406859943,-1.2570339707978977,0.99809330701828
65,2,6,-0.14547277406859943,-1.271954255317754,0.9981871247291564
65,2,7,-0.07833149372924585,-1.271954255317754,0.9971491694450378
65,2,8,-0.08579163598917403,-1.3017948243574669,0.9975895285606384
65,2,9,-0.13801263180867127,-1.1302115523791187,0.9978418946266174
65,2,10,-0.14547277406859943,-1.1376716946390468,0.9980313777923584
65,2,11,0.048490924689533144,-1.0033891339603398,0.9994548559188844
65,2,12,-0.10071192050903038,-0.9959289917004116,0.9991415739059448
65,2,13,0.08579163598917403,-0.48863931802529553,0.6078065633773804
65,2,14,-0.048490924689533144,-0.4811791757653674,0.5115854740142822
65,2,15,-0.19769376988809667,-0.43641832220579835,0.704444944858551
65,2,16,-0.0634112092093895,-0.43641832220579835,0.538114607334137
65,2,17,-0.26483505022745024,-0.3767371841263729,0.7010338306427002
65,2,18,-0.04103078242960497,-0.30213576152709115,0.5393511056900024
65,2,19,-0.27229519248737843,-0.4513386067256547,0.7026037573814392
65,2,20,0.0037300711299640883,-0.33197633056680387,0.5386053323745728
65,2,21,-0.2499147657075939,-0.4811791757653674,0.6900619268417358
65,2,22,0.011190213389892265,-0.3468966150866602,0.5323389172554016
65,2,23,0.048490924689533144,0.0037300711299640883,0.9972227215766908
65,2,24,-0.048490924689533144,-0.0037300711299640883,0.9939973950386048
65,2,25,-0.011190213389892265,0.6154617364440745,0.7230189442634583
65,2,26,0.01865035564982044,0.7422841548628536,0.6167307496070862
65,2,27,0.0634112092093895,1.6300410837943065,0.7941763401031494
65,2,28,0.01865035564982044,1.5852802302347375,0.6564951539039612
65,2,29,0.08579163598917403,1.7941642135127265,0.7949404120445251
65,2,30,-0.26483505022745024,1.7643236444730137,0.6779931783676147
65,2,31,-0.16785320084838398,1.7270229331733729,0.8292539119720459
65,2,32,-0.03357064016967679,1.6449613683141628,0.7011743187904358
66,1,0,0.4622945054587238,-1.1517509661859584,0.9988646507263184
66,1,1,0.4862062902238302,-1.2234863204812776,0.9985233545303344
66,1,2,0.47823569530212806,-1.2234863204812776,0.9984308481216432
66,1,3,0.47823569530212806,-1.2234863204812776,0.9986096024513244
66,1,4,0.4702651003804259,-1.2314569154029797,0.9984366297721864
66,1,5,0.4622945054587238,-1.247398105246384,0.9982430338859558
66,1,6,0.44635331561531955,-1.2553687001680862,0.9983340501785278
66,1,7,0.3985297460851067,-1.2553687001680862,0.9973424077033995
66,1,8,0.35867677147659605,-1.2952216747765968,0.9978054761886596
66,1,9,0.4065003410068089,-1.1039273966557457,0.998004138469696
66,1,10,0.3985297460851067,-1.1198685864991498,0.9982028007507324
66,1,11,0.2311472527293619,-0.9843684728302136,0.999423086643219
66,1,12,0.015941189843404268,-1.0003096626736179,0.9992236495018004
66,1,13,0.21520606288595762,-0.45033861307617057,0.5579207539558411
66,1,14,-0.09564713906042561,-0.4583092079978727,0.5593639016151428
66,1,15,0.2789708222595747,-0.48222099276297914,0.6520942449569702
66,1,16,0.27100022733787255,-0.5539563470582983,0.5819051265716553
66,1,17,0.3427355816331918,-0.4025150435459578,0.6505930423736572
66,1,18,0.3746179613200003,-0.530044562293192,0.581213116645813
66,1,19,0.3507061765548939,-0.5220739673714898,0.6524718999862671
66,1,20,0.38258855624170246,-0.6017799165885112,0.5802533030509949
66,1,21,0.3108532019463832,-0.5539563470582983,0.6423612236976624
66,1,22,0.3427355816331918,-0.6097505115102133,0.5723809003829956
66,1,23,0.11158832890382989,-0.003985297460851067,0.9972553849220276
66,1,24,-0.11158832890382989,0.003985297460851067,0.9943735599517822
66,1,25,0.3427355816331918,0.657574081040426,0.7109677791595459
66,1,26,-0.031882379686808536,0.7532212201008517,0.6502574682235718
66,1,27,0.3985297460851067,1.4626041681323416,0.7922706007957458
66,1,28,-0.19129427812085123,1.5821630919578737,0.6842156052589417
66,1,29,0.3507061765548939,1.6299866614880865,0.788947582244873
66,1,30,-0.33476498671148963,1.7096926107051078,0.692905068397522
66,1,31,0.7890888972485113,1.6220160665663843,0.8310770392417908
66,1,32,0.08767654413872347,1.7415749903919164,0.7231114506721497
66,2,0,-0.17945708347812006,-1.1609774584196746,0.9989394545555116
66,2,1,-0.1501579678082229,-1.2269004686769431,0.9986321926116944
66,2,2,-0.1428331888907486,-1.2269004686769431,0.998548686504364
66,2,3,-0.13550840997327432,-1.2269004686769431,0.9987173080444336
66,2,4,-0.15748274672569718,-1.2342252475944175,0.998538374900818
66,2,5,-0.1501579678082229,-1.2415500265118917,0.9983547329902648
66,2,6,-0.1501579678082229,-1.2488748054293661,0.9984455108642578
66,2,7,-0.06958539971600573,-1.2488748054293661,0.9975767731666564
66,2,8,-0.08423495755095431,-1.278173921099263,0.9979450106620787
66,2,9,-0.1428331888907486,-1.1097040059973546,0.9981673955917358
66,2,10,-0.1428331888907486,-1.1170287849148288,0.9983002543449402
66,2,11,0.05493584188105716,-0.992507543317766,0.999479591846466
66,2,12,-0.09155973646842859,-1.0071571011527145,0.9991682767868042
66,2,13,0.06958539971600573,-0.4944225769295144,0.6017428636550903
66,2,14,-0.04028628404610858,-0.4651234612596173,0.5060339570045471
66,2,15,-0.18678186239559433,-0.4284995666722458,0.6856390237808228
66,2,16,-0.04028628404610858,-0.3113031039926572,0.5261768102645874
66,2,17,-0.2673544304878115,-0.3625765564149772,0.6832321286201477
66,2,18,-0.025636726211160008,-0.2673544304878115,0.5266975164413452
66,2,19,-0.2746792094052858,-0.4431491245071944,0.6847531199455261
66,2,20,-0.003662389458737144,-0.29665354615770867,0.5259522199630737
66,2,21,-0.24538009373538863,-0.4651234612596173,0.6738530397415161
66,2,22,-0.010987168376211432,-0.3113031039926572,0.5193341374397278
66,2,23,0.003662389458737144,0.003662389458737144,0.9973774552345276
66,2,24,-0.003662389458737144,-0.003662389458737144,0.9942069053649902
66,2,25,0.010987168376211432,0.6335933763615259,0.7293978333473206
66,2,26,0.025636726211160008,0.7288155022886916,0.623927891254425
66,2,27,0.09155973646842859,1.6224385302205546,0.8048530220985413
66,2,28,0.11353407322085146,1.549190741045812,0.658294677734375
66,2,29,0.10620929430337717,1.7689341085700405,0.8001539707183838
66,2,30,0.05493584188105716,1.7249854350651947,0.6776915788650513
66,2,31,-0.18678186239559433,1.7103358772302462,0.8381723165512085
66,2,32,-0.07691017863348001,1.6004641934681318,0.7014502882957458
